0.5000000000000000 0.1711389920833222
0.2500000000000000 0.0567864438026668
0.1250000000000000 0.0160842482390229
0.0625000000000000 0.0042379331036164
0.0312500000000000 0.0010839715831739
0.0156250000000000 0.0002738378586535
0.0078125000000000 0.0000687998728286
0.0039062500000000 0.0000172415145210
0.0019531250000000 0.0000043155074305
0.0009765625000000 0.0000010795138756
0.0004882812500000 0.0000002699578370
0.0002441406250000 0.0000000674993541
0.0001220703125000 0.0000000168760756
0.0000610351562500 0.0000000042192059
0.0000305175781250 0.0000000010548020
0.0000152587890625 0.0000000002637264
0.0000076293945312 0.0000000000659908
0.0000038146972656 0.0000000000165468
0.0000019073486328 0.0000000000042091
0.0000009536743164 0.0000000000011950
0.0000004768371582 0.0000000000003837
0.0000002384185791 0.0000000000000546
