1.0000000000000000 1.3657061455801647
0.5000000000000000 0.5051794087568791
0.3333333333333333 0.2709643868163174
0.2500000000000000 0.1745413700179062
0.2000000000000000 0.1243548846858089
0.1666666666666667 0.0945125527907082
0.1428571428571428 0.0751249943616088
0.1250000000000000 0.0617096588134216
0.1111111111111111 0.0519774807140476
0.1000000000000000 0.0446528169914147
0.0909090909090909 0.0389755013790563
0.0833333333333333 0.0344678168831027
0.0769230769230769 0.0308162842734521
0.0714285714285714 0.0278076817298163
0.0666666666666667 0.0252925215418331
0.0625000000000000 0.0231632489285234
0.0588235294117647 0.0213407248801607
0.0555555555555556 0.0197655663843275
0.0526315789473684 0.0183924380537324
0.0500000000000000 0.0171861937191102
0.0476190476190476 0.0161192098322531
0.0454545454545455 0.0151695056077883
0.0434782608695652 0.0143193939501800
0.0416666666666667 0.0135544975769557
0.0400000000000000 0.0128630209083522
0.0384615384615385 0.0122352039994160
0.0370370370370370 0.0116629079663513
0.0357142857142857 0.0111392966883477
0.0344827586206897 0.0106585898820248
0.0333333333333333 0.0102158696992474
0.0322580645161290 0.0098069278926851
0.0312500000000000 0.0094281440355632
0.0303030303030303 0.0090763877331730
0.0294117647058824 0.0087489395303186
0.0285714285714286 0.0084434265057292
0.0277777777777778 0.0081577694916506
0.0270270270270270 0.0078901395608360
0.0263157894736842 0.0076389219508721
0.0256410256410256 0.0074026859950571
0.0250000000000000 0.0071801599332209
0.0243902439024390 0.0069702097097117
0.0238095238095238 0.0067718210465704
0.0232558139534884 0.0065840842206741
0.0227272727272727 0.0064061810841758
0.0222222222222222 0.0062373739544896
0.0217391304347826 0.0060769960692695
0.0212765957446809 0.0059244433568630
0.0208333333333333 0.0057791673169341
0.0204081632653061 0.0056406688415667
0.0200000000000000 0.0055084928360065
0.0196078431372549 0.0053822235216612
0.0192307692307692 0.0052614803231621
0.0188679245283019 0.0051459142570138
0.0185185185185185 0.0050352047523909
0.0181818181818182 0.0049290568452527
0.0178571428571429 0.0048271986960109
0.0175438596491228 0.0047293793882330
0.0172413793103448 0.0046353669722539
0.0169491525423729 0.0045449467226435
0.0166666666666667 0.0044579195828907
0.0163934426229508 0.0043741007744411
0.0161290322580645 0.0042933185502454
0.0158730158730159 0.0042154130757410
0.0156250000000000 0.0041402354223830
0.0153846153846154 0.0040676466608267
0.0151515151515152 0.0039975170424991
0.0149253731343284 0.0039297252597295
0.0147058823529412 0.0038641577758010
0.0144927536231884 0.0038007082174225
0.0142857142857143 0.0037392768229338
0.0140845070422535 0.0036797699404363
0.0138888888888889 0.0036220995706282
0.0136986301369863 0.0035661829499039
0.0135135135135135 0.0035119421694851
0.0133333333333333 0.0034593038272170
0.0131578947368421 0.0034081987086743
0.0129870129870130 0.0033585614948271
0.0128205128205128 0.0033103304937039
0.0126582278481013 0.0032634473938407
0.0125000000000000 0.0032178570373875
0.0123456790123457 0.0031735072112311
0.0121951219512195 0.0031303484543366
0.0120481927710843 0.0030883338799890
0.0119047619047619 0.0030474190115140
0.0117647058823529 0.0030075616303984
0.0116279069767442 0.0029687216356722
0.0114942528735632 0.0029308609135912
0.0113636363636364 0.0028939432168285
0.0112359550561798 0.0028579340522734
0.0111111111111111 0.0028228005768289
0.0109890109890110 0.0027885115004884
0.0108695652173913 0.0027550369961444
0.0107526881720430 0.0027223486155585
0.0106382978723404 0.0026904192110742
0.0105263157894737 0.0026592228625115
0.0104166666666667 0.0026287348089817
0.0103092783505155 0.0025989313851316
0.0102040816326531 0.0025697899615502
0.0101010101010101 0.0025412888889949
