0.5000000000 0.4682818285
0.2500000000 0.2768755785
0.1250000000 0.1524973145
0.0625000000 0.0803533311
0.0312500000 0.0412916991
0.0156250000 0.0209368759
0.0078125000 0.0105428088
0.0039062500 0.0052902042
0.0019531250 0.0026498283
0.0009765625 0.0013260990
0.0004882812 0.0006633461
0.0002441406 0.0003317473
0.0001220703 0.0001658922
0.0000610352 0.0000829507
0.0000305176 0.0000414765
0.0000152588 0.0000207386
0.0000076294 0.0000103693
0.0000038147 0.0000051847
0.0000019073 0.0000025924
0.0000009537 0.0000012962
0.0000004768 0.0000006481
0.0000002384 0.0000003240
0.0000001192 0.0000001620
