0.5000000000000000 0.0776568284590451
0.2500000000000000 0.0234261384566037
0.1250000000000000 0.0064405899070601
0.0625000000000000 0.0016883059842785
0.0312500000000000 0.0004321544787862
0.0156250000000000 0.0001093168952155
0.0078125000000000 0.0000274901377697
0.0039062500000000 0.0000068927182997
0.0019531250000000 0.0000017257068783
0.0009765625000000 0.0000004317429059
0.0004882812500000 0.0000001079752674
0.0002441406250000 0.0000000269987583
0.0001220703125000 0.0000000067503145
0.0000610351562500 0.0000000016876274
0.0000305175781250 0.0000000004219323
0.0000152587890625 0.0000000001054659
0.0000076293945312 0.0000000000264304
0.0000038146972656 0.0000000000065601
0.0000019073486328 0.0000000000017510
0.0000009536743164 0.0000000000005667
0.0000004768371582 0.0000000000002314
0.0000002384185791 0.0000000000000249
