1.0000000000000000 4.6167876159853982
0.5000000000000000 1.7610935339371951
0.3333333333333333 1.0749914588710108
0.2500000000000000 0.7719457448416116
0.2000000000000000 0.6017901097914446
0.1666666666666667 0.4929677427674508
0.1428571428571428 0.4174218907311071
0.1250000000000000 0.3619286668424007
0.1111111111111111 0.3194460406814423
0.1000000000000000 0.2858816615999364
0.0909090909090909 0.2586956452879750
0.0833333333333333 0.2362284985475203
0.0769230769230769 0.2173502299645764
0.0714285714285714 0.2012648362929457
0.0666666666666667 0.1873954357848562
0.0625000000000000 0.1753137446024176
0.0588235294117647 0.1646951369281875
0.0555555555555556 0.1552890805826461
0.0526315789473684 0.1468991431394815
