0.0000000000000000 1.0000000000000000
0.1000000000000000 0.4000000000000000
0.2000000000000000 0.2000000000000000
0.3000000000000000 0.1333333333333333
0.4000000000000000 0.1111111111111111
0.5000000000000000 0.1037037037037037
0.6000000000000000 0.1012345679012346
0.7000000000000000 0.1004115226337449
0.7999999999999999 0.1001371742112483
0.8999999999999999 0.1000457247370828
0.9999999999999999 0.1000152415790276
1.0999999999999999 0.1000050805263425
1.2000000000000000 0.1000016935087809
1.3000000000000000 0.1000005645029270
1.4000000000000001 0.1000001881676423
1.5000000000000002 0.1000000627225475
1.6000000000000003 0.1000000209075158
1.7000000000000004 0.1000000069691719
1.8000000000000005 0.1000000023230573
1.9000000000000006 0.1000000007743524
2.0000000000000004 0.1000000002581175
2.1000000000000005 0.1000000000860392
2.2000000000000006 0.1000000000286797
2.3000000000000007 0.1000000000095599
2.4000000000000008 0.1000000000031866
2.5000000000000009 0.1000000000010622
2.6000000000000010 0.1000000000003541
2.7000000000000011 0.1000000000001180
2.8000000000000012 0.1000000000000393
2.9000000000000012 0.1000000000000131
3.0000000000000013 0.1000000000000044
3.1000000000000014 0.1000000000000015
3.2000000000000015 0.1000000000000005
3.3000000000000016 0.1000000000000002
3.4000000000000017 0.1000000000000000
3.5000000000000018 0.1000000000000000
3.6000000000000019 0.1000000000000000
3.7000000000000020 0.1000000000000000
3.8000000000000020 0.1000000000000000
3.9000000000000021 0.1000000000000000
4.0000000000000018 0.1000000000000000
4.1000000000000014 0.1000000000000000
4.2000000000000011 0.1000000000000000
4.3000000000000007 0.1000000000000000
4.4000000000000004 0.1000000000000000
4.5000000000000000 0.1000000000000000
4.5999999999999996 0.1000000000000000
4.6999999999999993 0.1000000000000000
4.7999999999999989 0.1000000000000000
4.8999999999999986 0.1000000000000000
4.9999999999999982 0.1000000000000000
5.0999999999999979 0.1000000000000000
