0.0000000000000000 1.0000000000000000
0.0500000000000000 0.6400000000000000
0.1000000000000000 0.4240000000000000
0.1500000000000000 0.2944000000000001
0.2000000000000000 0.2166400000000000
0.2500000000000000 0.1699840000000000
0.3000000000000000 0.1419904000000000
0.3500000000000000 0.1251942400000000
0.4000000000000000 0.1151165440000000
0.4500000000000000 0.1090699264000000
0.4999999999999999 0.1054419558400000
0.5499999999999999 0.1032651735040000
0.6000000000000000 0.1019591041024000
0.6500000000000000 0.1011754624614400
0.7000000000000001 0.1007052774768640
0.7500000000000001 0.1004231664861184
0.8000000000000002 0.1002538998916711
0.8500000000000002 0.1001523399350027
0.9000000000000002 0.1000914039610016
0.9500000000000003 0.1000548423766010
1.0000000000000002 0.1000329054259606
1.0500000000000003 0.1000197432555764
1.1000000000000003 0.1000118459533458
1.1500000000000004 0.1000071075720075
1.2000000000000004 0.1000042645432045
1.2500000000000004 0.1000025587259227
1.3000000000000005 0.1000015352355536
1.3500000000000005 0.1000009211413322
1.4000000000000006 0.1000005526847993
1.4500000000000006 0.1000003316108796
1.5000000000000007 0.1000001989665277
1.5500000000000007 0.1000001193799167
1.6000000000000008 0.1000000716279500
1.6500000000000008 0.1000000429767700
1.7000000000000008 0.1000000257860620
1.7500000000000009 0.1000000154716372
1.8000000000000009 0.1000000092829823
1.8500000000000010 0.1000000055697894
1.9000000000000010 0.1000000033418736
1.9500000000000011 0.1000000020051242
2.0000000000000009 0.1000000012030745
2.0500000000000007 0.1000000007218447
2.1000000000000005 0.1000000004331068
2.1500000000000004 0.1000000002598641
2.2000000000000002 0.1000000001559184
2.2500000000000000 0.1000000000935511
2.2999999999999998 0.1000000000561307
2.3499999999999996 0.1000000000336784
2.3999999999999995 0.1000000000202070
2.4499999999999993 0.1000000000121242
2.4999999999999991 0.1000000000072745
2.5499999999999989 0.1000000000043647
2.5999999999999988 0.1000000000026188
2.6499999999999986 0.1000000000015713
2.6999999999999984 0.1000000000009428
2.7499999999999982 0.1000000000005657
2.7999999999999980 0.1000000000003394
2.8499999999999979 0.1000000000002037
2.8999999999999977 0.1000000000001222
2.9499999999999975 0.1000000000000733
2.9999999999999973 0.1000000000000440
3.0499999999999972 0.1000000000000264
3.0999999999999970 0.1000000000000159
3.1499999999999968 0.1000000000000095
3.1999999999999966 0.1000000000000057
3.2499999999999964 0.1000000000000034
3.2999999999999963 0.1000000000000020
3.3499999999999961 0.1000000000000012
3.3999999999999959 0.1000000000000008
3.4499999999999957 0.1000000000000004
3.4999999999999956 0.1000000000000003
3.5499999999999954 0.1000000000000002
3.5999999999999952 0.1000000000000001
3.6499999999999950 0.1000000000000000
3.6999999999999948 0.1000000000000000
3.7499999999999947 0.1000000000000000
3.7999999999999945 0.1000000000000000
3.8499999999999943 0.1000000000000000
3.8999999999999941 0.1000000000000000
3.9499999999999940 0.1000000000000000
3.9999999999999938 0.1000000000000000
4.0499999999999936 0.1000000000000000
4.0999999999999934 0.1000000000000000
4.1499999999999932 0.1000000000000000
4.1999999999999931 0.1000000000000000
4.2499999999999929 0.1000000000000000
4.2999999999999927 0.1000000000000000
4.3499999999999925 0.1000000000000000
4.3999999999999924 0.1000000000000000
4.4499999999999922 0.1000000000000000
4.4999999999999920 0.1000000000000000
4.5499999999999918 0.1000000000000000
4.5999999999999917 0.1000000000000000
4.6499999999999915 0.1000000000000000
4.6999999999999913 0.1000000000000000
4.7499999999999911 0.1000000000000000
4.7999999999999909 0.1000000000000000
4.8499999999999908 0.1000000000000000
4.8999999999999906 0.1000000000000000
4.9499999999999904 0.1000000000000000
4.9999999999999902 0.1000000000000000
5.0499999999999901 0.1000000000000000
