0.0000000000000000 1.0000000000000000
0.3000000000000000 -0.0800000362098219
0.6000000000000000 0.1359999782741012
0.8999999999999999 0.0927999811709078
1.2000000000000000 0.1014399852263413
1.5000000000000000 0.0997120622802950
1.8000000000000000 0.1000576349946150
2.1000000000000001 0.0999885109928947
2.3999999999999999 0.1000023280947015
2.6999999999999997 0.0999995589351835
2.9999999999999996 0.1000001068203853
3.2999999999999994 0.0999999966618630
3.5999999999999992 0.0999999916546574
3.8999999999999990 0.0999999791366435
4.1999999999999993 0.0999999478416088
4.4999999999999991 0.1000000456385923
4.7999999999999989 0.0999999600662318
5.0999999999999988 0.1000000349420472
5.3999999999999986 0.0999999694257086
5.6999999999999984 0.1000000267525050
5.9999999999999982 0.0999999765915582
6.2999999999999980 0.1000000204823866
