0.0000000000000000 1.0000000000000000
0.0100000000000000 0.9142857173153985
0.0200000000000000 0.8367346993598368
0.0300000000000000 0.7665694923770768
0.0400000000000000 0.7030866883032251
0.0500000000000000 0.6456498651198388
0.0600000000000000 0.5936832151659118
0.0700000000000000 0.5466657696012150
0.0800000000000000 0.5041261756618490
0.0900000000000000 0.4656379713199930
0.1000000000000000 0.4308153099760248
0.1100000000000000 0.3993090923227898
0.1200000000000000 0.3708034689482036
0.1300000000000000 0.3450126664220847
0.1400000000000000 0.3216781304184175
0.1500000000000000 0.3005659308288540
0.1600000000000000 0.2814644165994939
0.1700000000000000 0.2641820939165076
0.1800000000000000 0.2485457064692875
0.1900000000000000 0.2343985009952414
0.2000000000000000 0.2215986479791155
0.2100000000000000 0.2100178281815239
0.2200000000000001 0.1995399432389920
0.2300000000000001 0.1900599517713957
0.2400000000000001 0.1814828163362760
0.2500000000000001 0.1737225506731847
0.2600000000000001 0.1667013576866344
0.2700000000000001 0.1603488518415413
0.2800000000000001 0.1546013461330501
0.2900000000000001 0.1494012215405389
0.3000000000000001 0.1446963465653494
0.3100000000000001 0.1404395546100100
0.3200000000000001 0.1365881711308319
0.3300000000000001 0.1331035858235609
0.3400000000000001 0.1299508679726981
0.3500000000000001 0.1270984085258682
0.3600000000000002 0.1245176114863924
0.3700000000000002 0.1221826042818661
0.3800000000000002 0.1200699783907975
0.3900000000000002 0.1181585546714352
0.4000000000000002 0.1164291710401986
0.4100000000000002 0.1148644903711803
0.4200000000000002 0.1134488289780993
0.4300000000000002 0.1121679920646887
0.4400000000000002 0.1110091392438282
0.4500000000000002 0.1099606530186456
0.4600000000000002 0.1090120223171376
0.4700000000000003 0.1081537371186963
0.4800000000000003 0.1073771931161754
0.4900000000000003 0.1066746078474666
0.5000000000000002 0.1060389350279824
0.5100000000000002 0.1054638020847974
0.5200000000000002 0.1049434433527612
0.5300000000000002 0.1044726422741327
0.5400000000000003 0.1040466791029748
0.5500000000000003 0.1036612835900516
0.5600000000000003 0.1033125946707812
0.5700000000000003 0.1029971137670692
0.5800000000000003 0.1027116782539040
0.5900000000000003 0.1024534267045479
0.6000000000000003 0.1022197702053785
0.6100000000000003 0.1020083664026124
0.6200000000000003 0.1018170960207363
0.6300000000000003 0.1016440416172471
0.6400000000000003 0.1014874707211167
0.6500000000000004 0.1013458109107263
0.6600000000000004 0.1012176421234499
0.6700000000000004 0.1011016795368373
0.6800000000000004 0.1009967606889677
0.6900000000000004 0.1009018338254005
0.7000000000000004 0.1008159473559082
0.7100000000000004 0.1007382427815696
0.7200000000000004 0.1006679381955138
0.7300000000000004 0.1006043288795559
0.7400000000000004 0.1005467772274715
0.7500000000000004 0.1004947063537673
0.7600000000000005 0.1004475943111045
0.7700000000000005 0.1004049688584097
0.7800000000000005 0.1003664027272306
0.7900000000000005 0.1003315116704306
0.8000000000000005 0.1002999431485194
0.8100000000000005 0.1002713807698743
0.8200000000000005 0.1002455382715727
0.8300000000000005 0.1002221566503583
0.8400000000000005 0.1002010015668120
0.8500000000000005 0.1001818609967143
0.8600000000000005 0.1001645455423568
0.8700000000000006 0.1001488787370500
0.8800000000000006 0.1001347036086675
0.8900000000000006 0.1001218781308035
0.9000000000000006 0.1001102737997527
0.9100000000000006 0.1000997743469786
0.9200000000000006 0.1000902745741720
0.9300000000000006 0.1000816792992259
0.9400000000000006 0.1000739047061787
0.9500000000000006 0.1000668701329115
0.9600000000000006 0.1000605051411042
0.9700000000000006 0.1000547459970639
0.9800000000000006 0.1000495350335496
0.9900000000000007 0.1000448200723406
1.0000000000000007 0.1000405539017674
1.0100000000000007 0.1000366962118618
1.0200000000000007 0.1000332054847084
1.0300000000000007 0.1000300468129755
1.0400000000000007 0.1000271886098912
1.0500000000000007 0.1000246022933753
1.0600000000000007 0.1000222620002180
1.0700000000000007 0.1000201443274473
1.0800000000000007 0.1000182280982988
1.0900000000000007 0.1000164964289604
1.1000000000000008 0.1000149292682092
1.1100000000000008 0.1000135109877293
1.1200000000000008 0.1000122274438950
1.1300000000000008 0.1000110658367250
1.1400000000000008 0.1000100145822361
1.1500000000000008 0.1000090631969237
1.1600000000000008 0.1000082021932159
1.1700000000000008 0.1000074229848604
1.1800000000000008 0.1000067178012987
1.1900000000000008 0.1000060796101753
1.2000000000000008 0.1000055020472086
1.2100000000000009 0.1000049793527238
1.2200000000000009 0.1000045063142151
1.2300000000000009 0.1000040782143646
1.2400000000000009 0.1000036907840000
1.2500000000000009 0.1000033401595200
1.2600000000000009 0.1000030228443656
1.2700000000000009 0.1000027356741509
1.2800000000000009 0.1000024757851065
1.2900000000000009 0.1000022405855214
1.3000000000000009 0.1000020277298969
1.3100000000000009 0.1000018350955567
1.3200000000000010 0.1000016607614788
1.3300000000000010 0.1000015029891383
1.3400000000000010 0.1000013602051702
1.3500000000000010 0.1000012309856790
1.3600000000000010 0.1000011140420395
1.3700000000000010 0.1000010082080458
1.3800000000000010 0.1000009124282814
1.3900000000000010 0.1000008257475947
1.4000000000000010 0.1000007473015732
1.4100000000000010 0.1000006763079237
1.4200000000000010 0.1000006120586710
1.4300000000000010 0.1000005539130972
1.4400000000000011 0.1000005012913530
1.4500000000000011 0.1000004536686745
1.4600000000000011 0.1000004105701504
1.4700000000000011 0.1000003715659861
1.4800000000000011 0.1000003362672174
1.4900000000000011 0.1000003043218318
1.5000000000000011 0.1000002754112577
1.5100000000000011 0.1000002492471883
1.5200000000000011 0.1000002255687054
1.5300000000000011 0.1000002041396784
1.5400000000000011 0.1000001847464089
1.5500000000000012 0.1000001671955001
1.5600000000000012 0.1000001513119275
1.5700000000000012 0.1000001369372944
1.5800000000000012 0.1000001239282515
1.5900000000000012 0.1000001121550676
1.6000000000000012 0.1000001015003362
1.6100000000000012 0.1000000918578042
1.6200000000000012 0.1000000831313128
1.6300000000000012 0.1000000752338381
1.6400000000000012 0.1000000680866235
1.6500000000000012 0.1000000616183942
1.6600000000000013 0.1000000557646468
1.6700000000000013 0.1000000504670053
1.6800000000000013 0.1000000456726398
1.6900000000000013 0.1000000413337390
1.7000000000000013 0.1000000374070338
1.7100000000000013 0.1000000338533656
1.7200000000000013 0.1000000306372959
1.7300000000000013 0.1000000277267528
1.7400000000000013 0.1000000250927113
1.7500000000000013 0.1000000227089037
1.7600000000000013 0.1000000205515578
1.7700000000000014 0.1000000185991598
1.7800000000000014 0.1000000168322397
1.7900000000000014 0.1000000152331769
1.8000000000000014 0.1000000137860251
1.8100000000000014 0.1000000124763527
1.8200000000000014 0.1000000112910992
1.8300000000000014 0.1000000102184448
1.8400000000000014 0.1000000092476925
1.8500000000000014 0.1000000083691617
1.8600000000000014 0.1000000075740914
1.8700000000000014 0.1000000068545527
1.8800000000000014 0.1000000062033702
1.8900000000000015 0.1000000056140500
1.9000000000000015 0.1000000050807153
1.9100000000000015 0.1000000045980473
1.9200000000000015 0.1000000041612328
1.9300000000000015 0.1000000037659157
1.9400000000000015 0.1000000034081537
1.9500000000000015 0.1000000030843791
1.9600000000000015 0.1000000027913631
1.9700000000000015 0.1000000025261836
1.9800000000000015 0.1000000022861962
1.9900000000000015 0.1000000020690075
2.0000000000000013 0.1000000018724518
2.0100000000000011 0.1000000016945689
2.0200000000000009 0.1000000015335848
2.0300000000000007 0.1000000013878943
2.0400000000000005 0.1000000012560443
2.0500000000000003 0.1000000011367201
2.0600000000000001 0.1000000010287317
2.0699999999999998 0.1000000009310022
2.0799999999999996 0.1000000008425570
2.0899999999999994 0.1000000007625141
2.0999999999999992 0.1000000006900752
2.1099999999999990 0.1000000006245181
2.1199999999999988 0.1000000005651889
2.1299999999999986 0.1000000005114959
2.1399999999999983 0.1000000004629038
2.1499999999999981 0.1000000004189279
2.1599999999999979 0.1000000003791298
2.1699999999999977 0.1000000003431125
2.1799999999999975 0.1000000003105168
2.1899999999999973 0.1000000002810177
2.1999999999999971 0.1000000002543210
2.2099999999999969 0.1000000002301605
2.2199999999999966 0.1000000002082953
2.2299999999999964 0.1000000001885072
2.2399999999999962 0.1000000001705990
2.2499999999999960 0.1000000001543921
2.2599999999999958 0.1000000001397249
2.2699999999999956 0.1000000001264510
2.2799999999999954 0.1000000001144382
2.2899999999999952 0.1000000001035665
2.2999999999999949 0.1000000000937277
2.3099999999999947 0.1000000000848236
2.3199999999999945 0.1000000000767653
2.3299999999999943 0.1000000000694726
2.3399999999999941 0.1000000000628727
2.3499999999999939 0.1000000000568998
2.3599999999999937 0.1000000000514943
2.3699999999999934 0.1000000000466024
2.3799999999999932 0.1000000000421752
2.3899999999999930 0.1000000000381685
2.3999999999999928 0.1000000000345425
2.4099999999999926 0.1000000000312610
2.4199999999999924 0.1000000000282912
2.4299999999999922 0.1000000000256035
2.4399999999999920 0.1000000000231712
2.4499999999999917 0.1000000000209699
2.4599999999999915 0.1000000000189778
2.4699999999999913 0.1000000000171749
2.4799999999999911 0.1000000000155433
2.4899999999999909 0.1000000000140667
2.4999999999999907 0.1000000000127303
2.5099999999999905 0.1000000000115209
2.5199999999999902 0.1000000000104265
2.5299999999999900 0.1000000000094359
2.5399999999999898 0.1000000000085395
2.5499999999999896 0.1000000000077283
2.5599999999999894 0.1000000000069941
2.5699999999999892 0.1000000000063296
2.5799999999999890 0.1000000000057283
2.5899999999999888 0.1000000000051841
2.5999999999999885 0.1000000000046916
2.6099999999999883 0.1000000000042459
2.6199999999999881 0.1000000000038426
2.6299999999999879 0.1000000000034775
2.6399999999999877 0.1000000000031472
2.6499999999999875 0.1000000000028482
2.6599999999999873 0.1000000000025776
2.6699999999999871 0.1000000000023328
2.6799999999999868 0.1000000000021111
2.6899999999999866 0.1000000000019106
2.6999999999999864 0.1000000000017291
2.7099999999999862 0.1000000000015648
2.7199999999999860 0.1000000000014162
2.7299999999999858 0.1000000000012816
2.7399999999999856 0.1000000000011599
2.7499999999999853 0.1000000000010497
2.7599999999999851 0.1000000000009500
2.7699999999999849 0.1000000000008597
2.7799999999999847 0.1000000000007780
2.7899999999999845 0.1000000000007041
2.7999999999999843 0.1000000000006372
2.8099999999999841 0.1000000000005767
2.8199999999999839 0.1000000000005219
2.8299999999999836 0.1000000000004723
2.8399999999999834 0.1000000000004275
2.8499999999999832 0.1000000000003868
2.8599999999999830 0.1000000000003501
2.8699999999999828 0.1000000000003168
2.8799999999999826 0.1000000000002867
2.8899999999999824 0.1000000000002595
2.8999999999999821 0.1000000000002348
2.9099999999999819 0.1000000000002125
2.9199999999999817 0.1000000000001923
2.9299999999999815 0.1000000000001741
2.9399999999999813 0.1000000000001575
2.9499999999999811 0.1000000000001426
2.9599999999999809 0.1000000000001290
2.9699999999999807 0.1000000000001168
2.9799999999999804 0.1000000000001057
2.9899999999999802 0.1000000000000956
2.9999999999999800 0.1000000000000865
3.0099999999999798 0.1000000000000783
3.0199999999999796 0.1000000000000709
3.0299999999999794 0.1000000000000642
3.0399999999999792 0.1000000000000581
3.0499999999999790 0.1000000000000525
3.0599999999999787 0.1000000000000476
3.0699999999999785 0.1000000000000430
3.0799999999999783 0.1000000000000389
3.0899999999999781 0.1000000000000352
3.0999999999999779 0.1000000000000319
3.1099999999999777 0.1000000000000289
3.1199999999999775 0.1000000000000261
3.1299999999999772 0.1000000000000236
3.1399999999999770 0.1000000000000214
3.1499999999999768 0.1000000000000194
3.1599999999999766 0.1000000000000175
3.1699999999999764 0.1000000000000159
3.1799999999999762 0.1000000000000143
3.1899999999999760 0.1000000000000130
3.1999999999999758 0.1000000000000117
3.2099999999999755 0.1000000000000106
3.2199999999999753 0.1000000000000096
3.2299999999999751 0.1000000000000087
3.2399999999999749 0.1000000000000079
3.2499999999999747 0.1000000000000071
3.2599999999999745 0.1000000000000064
3.2699999999999743 0.1000000000000058
3.2799999999999740 0.1000000000000053
3.2899999999999738 0.1000000000000048
3.2999999999999736 0.1000000000000043
3.3099999999999734 0.1000000000000039
3.3199999999999732 0.1000000000000035
3.3299999999999730 0.1000000000000032
3.3399999999999728 0.1000000000000029
3.3499999999999726 0.1000000000000026
3.3599999999999723 0.1000000000000024
3.3699999999999721 0.1000000000000021
3.3799999999999719 0.1000000000000019
3.3899999999999717 0.1000000000000018
3.3999999999999715 0.1000000000000016
3.4099999999999713 0.1000000000000014
3.4199999999999711 0.1000000000000013
3.4299999999999708 0.1000000000000012
3.4399999999999706 0.1000000000000011
3.4499999999999704 0.1000000000000010
3.4599999999999702 0.1000000000000009
3.4699999999999700 0.1000000000000008
3.4799999999999698 0.1000000000000007
3.4899999999999696 0.1000000000000006
3.4999999999999694 0.1000000000000006
3.5099999999999691 0.1000000000000005
3.5199999999999689 0.1000000000000005
3.5299999999999687 0.1000000000000004
3.5399999999999685 0.1000000000000004
3.5499999999999683 0.1000000000000004
3.5599999999999681 0.1000000000000003
3.5699999999999679 0.1000000000000003
3.5799999999999677 0.1000000000000003
3.5899999999999674 0.1000000000000002
3.5999999999999672 0.1000000000000002
3.6099999999999670 0.1000000000000002
3.6199999999999668 0.1000000000000002
3.6299999999999666 0.1000000000000002
3.6399999999999664 0.1000000000000002
3.6499999999999662 0.1000000000000001
3.6599999999999659 0.1000000000000001
3.6699999999999657 0.1000000000000001
3.6799999999999655 0.1000000000000001
3.6899999999999653 0.1000000000000001
3.6999999999999651 0.1000000000000001
3.7099999999999649 0.1000000000000001
3.7199999999999647 0.1000000000000001
3.7299999999999645 0.1000000000000001
3.7399999999999642 0.1000000000000001
3.7499999999999640 0.1000000000000001
3.7599999999999638 0.1000000000000001
3.7699999999999636 0.1000000000000001
3.7799999999999634 0.1000000000000001
3.7899999999999632 0.1000000000000001
3.7999999999999630 0.1000000000000001
3.8099999999999627 0.1000000000000001
3.8199999999999625 0.1000000000000001
3.8299999999999623 0.1000000000000001
3.8399999999999621 0.1000000000000001
3.8499999999999619 0.1000000000000001
3.8599999999999617 0.1000000000000001
3.8699999999999615 0.1000000000000001
3.8799999999999613 0.1000000000000001
3.8899999999999610 0.1000000000000001
3.8999999999999608 0.1000000000000001
3.9099999999999606 0.1000000000000001
3.9199999999999604 0.1000000000000001
3.9299999999999602 0.1000000000000001
3.9399999999999600 0.1000000000000001
3.9499999999999598 0.1000000000000001
3.9599999999999596 0.1000000000000001
3.9699999999999593 0.1000000000000001
3.9799999999999591 0.1000000000000001
3.9899999999999589 0.1000000000000001
3.9999999999999587 0.1000000000000001
4.0099999999999589 0.1000000000000001
4.0199999999999587 0.1000000000000001
4.0299999999999585 0.1000000000000001
4.0399999999999583 0.1000000000000001
4.0499999999999581 0.1000000000000001
4.0599999999999579 0.1000000000000001
4.0699999999999577 0.1000000000000001
4.0799999999999574 0.1000000000000001
4.0899999999999572 0.1000000000000001
4.0999999999999570 0.1000000000000001
4.1099999999999568 0.1000000000000001
4.1199999999999566 0.1000000000000001
4.1299999999999564 0.1000000000000001
4.1399999999999562 0.1000000000000001
4.1499999999999559 0.1000000000000001
4.1599999999999557 0.1000000000000001
4.1699999999999555 0.1000000000000001
4.1799999999999553 0.1000000000000001
4.1899999999999551 0.1000000000000001
4.1999999999999549 0.1000000000000001
4.2099999999999547 0.1000000000000001
4.2199999999999545 0.1000000000000001
4.2299999999999542 0.1000000000000001
4.2399999999999540 0.1000000000000001
4.2499999999999538 0.1000000000000001
4.2599999999999536 0.1000000000000001
4.2699999999999534 0.1000000000000001
4.2799999999999532 0.1000000000000001
4.2899999999999530 0.1000000000000001
4.2999999999999527 0.1000000000000001
4.3099999999999525 0.1000000000000001
4.3199999999999523 0.1000000000000001
4.3299999999999521 0.1000000000000001
4.3399999999999519 0.1000000000000001
4.3499999999999517 0.1000000000000001
4.3599999999999515 0.1000000000000001
4.3699999999999513 0.1000000000000001
4.3799999999999510 0.1000000000000001
4.3899999999999508 0.1000000000000001
4.3999999999999506 0.1000000000000001
4.4099999999999504 0.1000000000000001
4.4199999999999502 0.1000000000000001
4.4299999999999500 0.1000000000000001
4.4399999999999498 0.1000000000000001
4.4499999999999496 0.1000000000000001
4.4599999999999493 0.1000000000000001
4.4699999999999491 0.1000000000000001
4.4799999999999489 0.1000000000000001
4.4899999999999487 0.1000000000000001
4.4999999999999485 0.1000000000000001
4.5099999999999483 0.1000000000000001
4.5199999999999481 0.1000000000000001
4.5299999999999478 0.1000000000000001
4.5399999999999476 0.1000000000000001
4.5499999999999474 0.1000000000000001
4.5599999999999472 0.1000000000000001
4.5699999999999470 0.1000000000000001
4.5799999999999468 0.1000000000000001
4.5899999999999466 0.1000000000000001
4.5999999999999464 0.1000000000000001
4.6099999999999461 0.1000000000000001
4.6199999999999459 0.1000000000000001
4.6299999999999457 0.1000000000000001
4.6399999999999455 0.1000000000000001
4.6499999999999453 0.1000000000000001
4.6599999999999451 0.1000000000000001
4.6699999999999449 0.1000000000000001
4.6799999999999446 0.1000000000000001
4.6899999999999444 0.1000000000000001
4.6999999999999442 0.1000000000000001
4.7099999999999440 0.1000000000000001
4.7199999999999438 0.1000000000000001
4.7299999999999436 0.1000000000000001
4.7399999999999434 0.1000000000000001
4.7499999999999432 0.1000000000000001
4.7599999999999429 0.1000000000000001
4.7699999999999427 0.1000000000000001
4.7799999999999425 0.1000000000000001
4.7899999999999423 0.1000000000000001
4.7999999999999421 0.1000000000000001
4.8099999999999419 0.1000000000000001
4.8199999999999417 0.1000000000000001
4.8299999999999415 0.1000000000000001
4.8399999999999412 0.1000000000000001
4.8499999999999410 0.1000000000000001
4.8599999999999408 0.1000000000000001
4.8699999999999406 0.1000000000000001
4.8799999999999404 0.1000000000000001
4.8899999999999402 0.1000000000000001
4.8999999999999400 0.1000000000000001
4.9099999999999397 0.1000000000000001
4.9199999999999395 0.1000000000000001
4.9299999999999393 0.1000000000000001
4.9399999999999391 0.1000000000000001
4.9499999999999389 0.1000000000000001
4.9599999999999387 0.1000000000000001
4.9699999999999385 0.1000000000000001
4.9799999999999383 0.1000000000000001
4.9899999999999380 0.1000000000000001
4.9999999999999378 0.1000000000000001
5.0099999999999376 0.1000000000000001
