0.0000000000000000 1.0000000000000000
0.0300000000000000 0.7652173913043478
0.0600000000000000 0.5916824196597354
0.0900000000000000 0.4634174406180653
0.1200000000000000 0.3686128908916135
0.1500000000000000 0.2985399628329318
0.1800000000000000 0.2467469290504278
0.2100000000000000 0.2084651214720554
0.2400000000000000 0.1801698723923887
0.2700000000000000 0.1592559926378526
0.3000000000000000 0.1437979076018910
0.3300000000000001 0.1323723664883542
0.3600000000000001 0.1239274013174792
0.3900000000000001 0.1176854705390064
0.4200000000000002 0.1130718695288308
0.4500000000000002 0.1096618166082663
0.4800000000000002 0.1071413427104577
0.5100000000000002 0.1052783837425122
0.5400000000000003 0.1039014140705525
0.5700000000000003 0.1028836538782344
0.6000000000000003 0.1021313963447820
0.6300000000000003 0.1015753799070128
0.6600000000000004 0.1011644112356181
0.6900000000000004 0.1008606517828482
0.7200000000000004 0.1006361339264530
0.7500000000000004 0.1004701859456392
0.7800000000000005 0.1003475287424290
0.8100000000000005 0.1002568690704910
0.8400000000000005 0.1001898597477542
0.8700000000000006 0.1001403311179053
0.9000000000000006 0.1001037230001909
0.9300000000000006 0.1000766648262280
0.9600000000000006 0.1000566653063425
0.9900000000000007 0.1000418830525140
1.0200000000000007 0.1000309570388147
1.0500000000000007 0.1000228812895587
1.0800000000000007 0.1000169122574999
1.1100000000000008 0.1000125003642391
1.1400000000000008 0.1000092393996550
1.1700000000000008 0.1000068291214841
1.2000000000000008 0.1000050476115318
1.2300000000000009 0.1000037308433061
1.2600000000000009 0.1000027575798349
1.2900000000000009 0.1000020382111824
1.3200000000000010 0.1000015065039174
1.3500000000000010 0.1000011135028955
1.3800000000000010 0.1000008230238793
1.4100000000000010 0.1000006083219977
1.4400000000000011 0.1000004496293027
1.4700000000000011 0.1000003323347020
1.5000000000000011 0.1000002456386928
1.5300000000000011 0.1000001815590338
1.5600000000000012 0.1000001341958076
1.5900000000000012 0.1000000991882056
1.6200000000000012 0.1000000733130215
1.6500000000000012 0.1000000541878855
1.6800000000000013 0.1000000400519154
1.7100000000000013 0.1000000296035896
1.7400000000000013 0.1000000218809141
1.7700000000000014 0.1000000161728495
1.8000000000000014 0.1000000119538453
1.8300000000000014 0.1000000088354509
1.8600000000000014 0.1000000065305507
1.8900000000000015 0.1000000048269288
1.9200000000000015 0.1000000035677300
1.9500000000000015 0.1000000026370178
1.9800000000000015 0.1000000019491001
2.0100000000000016 0.1000000014406392
2.0400000000000014 0.1000000010648203
2.0700000000000012 0.1000000007870411
2.1000000000000010 0.1000000005817260
2.1300000000000008 0.1000000004299714
2.1600000000000006 0.1000000003178050
2.1900000000000004 0.1000000002348993
2.2200000000000002 0.1000000001736212
2.2500000000000000 0.1000000001283287
2.2799999999999998 0.1000000000948517
2.3099999999999996 0.1000000000701078
2.3399999999999994 0.1000000000518188
2.3699999999999992 0.1000000000383009
2.3999999999999990 0.1000000000283093
2.4299999999999988 0.1000000000209243
2.4599999999999986 0.1000000000154658
2.4899999999999984 0.1000000000114312
2.5199999999999982 0.1000000000084492
2.5499999999999980 0.1000000000062451
2.5799999999999979 0.1000000000046159
2.6099999999999977 0.1000000000034118
2.6399999999999975 0.1000000000025217
2.6699999999999973 0.1000000000018639
2.6999999999999971 0.1000000000013777
2.7299999999999969 0.1000000000010183
2.7599999999999967 0.1000000000007527
2.7899999999999965 0.1000000000005563
2.8199999999999963 0.1000000000004112
2.8499999999999961 0.1000000000003039
2.8799999999999959 0.1000000000002246
2.9099999999999957 0.1000000000001661
2.9399999999999955 0.1000000000001227
2.9699999999999953 0.1000000000000907
2.9999999999999951 0.1000000000000671
3.0299999999999949 0.1000000000000496
3.0599999999999947 0.1000000000000366
3.0899999999999945 0.1000000000000271
3.1199999999999943 0.1000000000000200
3.1499999999999941 0.1000000000000148
3.1799999999999939 0.1000000000000110
3.2099999999999937 0.1000000000000081
3.2399999999999936 0.1000000000000060
3.2699999999999934 0.1000000000000044
3.2999999999999932 0.1000000000000033
3.3299999999999930 0.1000000000000024
3.3599999999999928 0.1000000000000018
3.3899999999999926 0.1000000000000013
3.4199999999999924 0.1000000000000010
3.4499999999999922 0.1000000000000007
3.4799999999999920 0.1000000000000005
3.5099999999999918 0.1000000000000004
3.5399999999999916 0.1000000000000003
3.5699999999999914 0.1000000000000002
3.5999999999999912 0.1000000000000002
3.6299999999999910 0.1000000000000001
3.6599999999999908 0.1000000000000001
3.6899999999999906 0.1000000000000001
3.7199999999999904 0.1000000000000001
3.7499999999999902 0.1000000000000001
3.7799999999999900 0.1000000000000000
3.8099999999999898 0.1000000000000000
3.8399999999999896 0.1000000000000000
3.8699999999999894 0.1000000000000000
3.8999999999999893 0.1000000000000000
3.9299999999999891 0.1000000000000000
3.9599999999999889 0.1000000000000000
3.9899999999999887 0.1000000000000000
4.0199999999999889 0.1000000000000000
4.0499999999999892 0.1000000000000000
4.0799999999999894 0.1000000000000000
4.1099999999999897 0.1000000000000000
4.1399999999999899 0.1000000000000000
4.1699999999999902 0.1000000000000000
4.1999999999999904 0.1000000000000000
4.2299999999999907 0.1000000000000000
4.2599999999999909 0.1000000000000000
4.2899999999999912 0.1000000000000000
4.3199999999999914 0.1000000000000000
4.3499999999999917 0.1000000000000000
4.3799999999999919 0.1000000000000000
4.4099999999999921 0.1000000000000000
4.4399999999999924 0.1000000000000000
4.4699999999999926 0.1000000000000000
4.4999999999999929 0.1000000000000000
4.5299999999999931 0.1000000000000000
4.5599999999999934 0.1000000000000000
4.5899999999999936 0.1000000000000000
4.6199999999999939 0.1000000000000000
4.6499999999999941 0.1000000000000000
4.6799999999999944 0.1000000000000000
4.7099999999999946 0.1000000000000000
4.7399999999999949 0.1000000000000000
4.7699999999999951 0.1000000000000000
4.7999999999999954 0.1000000000000000
4.8299999999999956 0.1000000000000000
4.8599999999999959 0.1000000000000000
4.8899999999999961 0.1000000000000000
4.9199999999999964 0.1000000000000000
4.9499999999999966 0.1000000000000000
4.9799999999999969 0.1000000000000000
5.0099999999999971 0.1000000000000000
