0.0000000000000000 1.0000000000000000
0.1500000000000000 0.6624999999999999
0.3000000000000000 0.4515624999999999
0.4500000000000000 0.3197265624999999
0.6000000000000000 0.2373291015624999
0.7500000000000000 0.1858306884765625
0.9000000000000000 0.1536441802978515
1.0500000000000000 0.1335276126861572
1.2000000000000000 0.1209547579288483
1.3499999999999999 0.1130967237055302
1.4999999999999998 0.1081854523159564
1.6499999999999997 0.1051159076974727
1.7999999999999996 0.1031974423109205
1.9499999999999995 0.1019984014443253
2.0999999999999996 0.1012490009027033
2.2499999999999996 0.1007806255641896
2.3999999999999995 0.1004878909776185
2.5499999999999994 0.1003049318610116
2.6999999999999993 0.1001905824131322
2.8499999999999992 0.1001191140082076
2.9999999999999991 0.1000744462551298
3.1499999999999990 0.1000465289094561
3.2999999999999989 0.1000290805684101
3.4499999999999988 0.1000181753552563
3.5999999999999988 0.1000113595970352
3.7499999999999987 0.1000070997481470
3.8999999999999986 0.1000044373425919
4.0499999999999989 0.1000027733391199
4.1999999999999993 0.1000017333369499
4.3499999999999996 0.1000010833355937
4.5000000000000000 0.1000006770847461
4.6500000000000004 0.1000004231779663
4.8000000000000007 0.1000002644862289
4.9500000000000011 0.1000001653038931
5.1000000000000014 0.1000001033149332
