0.0000000000000000 1.0000000000000000
0.0500000000000000 0.6625000000000000
0.1000000000000000 0.4515625000000000
0.1500000000000000 0.3197265625000000
0.2000000000000000 0.2373291015625000
0.2500000000000000 0.1858306884765625
0.3000000000000000 0.1536441802978515
0.3500000000000000 0.1335276126861572
0.4000000000000000 0.1209547579288482
0.4500000000000000 0.1130967237055301
0.4999999999999999 0.1081854523159563
0.5499999999999999 0.1051159076974727
0.6000000000000000 0.1031974423109204
0.6500000000000000 0.1019984014443253
0.7000000000000001 0.1012490009027033
0.7500000000000001 0.1007806255641895
0.8000000000000002 0.1004878909776185
0.8500000000000002 0.1003049318610115
0.9000000000000002 0.1001905824131322
0.9500000000000003 0.1001191140082076
1.0000000000000002 0.1000744462551298
1.0500000000000003 0.1000465289094561
1.1000000000000003 0.1000290805684101
1.1500000000000004 0.1000181753552563
1.2000000000000004 0.1000113595970352
1.2500000000000004 0.1000070997481470
1.3000000000000005 0.1000044373425919
1.3500000000000005 0.1000027733391199
1.4000000000000006 0.1000017333369499
1.4500000000000006 0.1000010833355937
1.5000000000000007 0.1000006770847461
1.5500000000000007 0.1000004231779663
1.6000000000000008 0.1000002644862289
1.6500000000000008 0.1000001653038931
1.7000000000000008 0.1000001033149332
1.7500000000000009 0.1000000645718332
1.8000000000000009 0.1000000403573958
1.8500000000000010 0.1000000252233724
1.9000000000000010 0.1000000157646077
1.9500000000000011 0.1000000098528798
2.0000000000000009 0.1000000061580499
2.0500000000000007 0.1000000038487812
2.1000000000000005 0.1000000024054882
2.1500000000000004 0.1000000015034301
2.2000000000000002 0.1000000009396438
2.2500000000000000 0.1000000005872774
2.2999999999999998 0.1000000003670484
2.3499999999999996 0.1000000002294052
2.3999999999999995 0.1000000001433783
2.4499999999999993 0.1000000000896114
2.4999999999999991 0.1000000000560071
2.5499999999999989 0.1000000000350044
2.5999999999999988 0.1000000000218778
2.6499999999999986 0.1000000000136736
2.6999999999999984 0.1000000000085460
2.7499999999999982 0.1000000000053412
2.7999999999999980 0.1000000000033383
2.8499999999999979 0.1000000000020864
2.8999999999999977 0.1000000000013040
2.9499999999999975 0.1000000000008150
2.9999999999999973 0.1000000000005094
3.0499999999999972 0.1000000000003184
