0.0000000000000000 1.0000000000000000
0.0200000000000000 0.8380000000000000
0.0400000000000000 0.7051600000000000
0.0600000000000000 0.5962312000000000
0.0800000000000000 0.5069095840000000
0.1000000000000000 0.4336658588800000
0.1200000000000000 0.3736060042816000
0.1400000000000000 0.3243569235109119
0.1600000000000000 0.2839726772789478
0.1800000000000000 0.2508575953687372
0.2000000000000000 0.2237032282023645
0.2200000000000000 0.2014366471259389
0.2400000000000000 0.1831780506432699
0.2600000000000000 0.1682060015274813
0.2800000000000000 0.1559289212525347
0.3000000000000000 0.1458617154270784
0.3200000000000000 0.1376066066502043
0.3400000000000000 0.1308374174531675
0.3600000000000000 0.1252866823115974
0.3800000000000001 0.1207350794955099
0.4000000000000001 0.1170027651863181
0.4200000000000001 0.1139422674527808
0.4400000000000001 0.1114326593112803
0.4600000000000001 0.1093747806352498
0.4800000000000001 0.1076873201209049
0.5000000000000001 0.1063036024991420
0.5200000000000001 0.1051689540492964
0.5400000000000001 0.1042385423204231
0.5600000000000002 0.1034756047027469
0.5800000000000002 0.1028499958562525
0.6000000000000002 0.1023369966021270
0.6200000000000002 0.1019163372137442
0.6400000000000002 0.1015713965152702
0.6600000000000003 0.1012885451425216
0.6800000000000003 0.1010566070168677
0.7000000000000003 0.1008664177538315
0.7200000000000003 0.1007104625581418
0.7400000000000003 0.1005825792976763
0.7600000000000003 0.1004777150240946
0.7800000000000004 0.1003917263197575
0.8000000000000004 0.1003212155822012
0.8200000000000004 0.1002633967774050
0.8400000000000004 0.1002159853574721
0.8600000000000004 0.1001771079931271
0.8800000000000004 0.1001452285543642
0.9000000000000005 0.1001190874145787
0.9200000000000005 0.1000976516799545
0.9400000000000005 0.1000800743775627
0.9600000000000005 0.1000656609896014
0.9800000000000005 0.1000538420114732
1.0000000000000004 0.1000441504494080
1.0200000000000005 0.1000362033685146
1.0400000000000005 0.1000296867621819
1.0600000000000005 0.1000243431449892
1.0800000000000005 0.1000199613788911
1.1000000000000005 0.1000163683306907
1.1200000000000006 0.1000134220311664
1.1400000000000006 0.1000110060655564
1.1600000000000006 0.1000090249737563
1.1800000000000006 0.1000074004784802
1.2000000000000006 0.1000060683923537
1.2200000000000006 0.1000049760817300
1.2400000000000007 0.1000040803870186
1.2600000000000007 0.1000033459173553
1.2800000000000007 0.1000027436522313
1.3000000000000007 0.1000022497948297
1.3200000000000007 0.1000018448317603
1.3400000000000007 0.1000015127620435
1.3600000000000008 0.1000012404648757
1.3800000000000008 0.1000010171811980
1.4000000000000008 0.1000008340885824
1.4200000000000008 0.1000006839526376
1.4400000000000008 0.1000005608411628
1.4600000000000009 0.1000004598897535
1.4800000000000009 0.1000003771095979
1.5000000000000009 0.1000003092298702
1.5200000000000009 0.1000002535684936
1.5400000000000009 0.1000002079261647
1.5600000000000009 0.1000001704994551
1.5800000000000010 0.1000001398095532
1.6000000000000010 0.1000001146438336
1.6200000000000010 0.1000000940079435
1.6400000000000010 0.1000000770865137
1.6600000000000010 0.1000000632109412
1.6800000000000010 0.1000000518329718
1.7000000000000011 0.1000000425030369
1.7200000000000011 0.1000000348524902
1.7400000000000011 0.1000000285790420
1.7600000000000011 0.1000000234348144
1.7800000000000011 0.1000000192165478
1.8000000000000012 0.1000000157575692
1.8200000000000012 0.1000000129212068
1.8400000000000012 0.1000000105953895
1.8600000000000012 0.1000000086882194
1.8800000000000012 0.1000000071243399
1.9000000000000012 0.1000000058419587
1.9200000000000013 0.1000000047904062
1.9400000000000013 0.1000000039281331
1.9600000000000013 0.1000000032210691
1.9800000000000013 0.1000000026412767
2.0000000000000013 0.1000000021658469
2.0200000000000014 0.1000000017759944
2.0400000000000014 0.1000000014563154
2.0600000000000014 0.1000000011941787
2.0800000000000014 0.1000000009792265
2.1000000000000014 0.1000000008029657
2.1200000000000014 0.1000000006584319
2.1400000000000015 0.1000000005399142
2.1600000000000015 0.1000000004427296
2.1800000000000015 0.1000000003630383
2.2000000000000015 0.1000000002976914
2.2200000000000015 0.1000000002441069
2.2400000000000015 0.1000000002001677
2.2600000000000016 0.1000000001641375
2.2800000000000016 0.1000000001345928
2.3000000000000016 0.1000000001103661
2.3200000000000016 0.1000000000905002
2.3400000000000016 0.1000000000742101
2.3600000000000017 0.1000000000608523
2.3800000000000017 0.1000000000498989
2.4000000000000017 0.1000000000409171
2.4200000000000017 0.1000000000335520
2.4400000000000017 0.1000000000275127
2.4600000000000017 0.1000000000225604
2.4800000000000018 0.1000000000184995
2.5000000000000018 0.1000000000151696
2.5200000000000018 0.1000000000124391
2.5400000000000018 0.1000000000102001
2.5600000000000018 0.1000000000083640
2.5800000000000018 0.1000000000068585
2.6000000000000019 0.1000000000056240
2.6200000000000019 0.1000000000046117
2.6400000000000019 0.1000000000037816
2.6600000000000019 0.1000000000031009
2.6800000000000019 0.1000000000025427
2.7000000000000020 0.1000000000020850
2.7200000000000020 0.1000000000017097
2.7400000000000020 0.1000000000014020
2.7600000000000020 0.1000000000011496
2.7800000000000020 0.1000000000009427
2.8000000000000020 0.1000000000007730
2.8200000000000021 0.1000000000006339
2.8400000000000021 0.1000000000005198
2.8600000000000021 0.1000000000004262
2.8800000000000021 0.1000000000003495
2.9000000000000021 0.1000000000002866
2.9200000000000021 0.1000000000002350
2.9400000000000022 0.1000000000001927
2.9600000000000022 0.1000000000001580
2.9800000000000022 0.1000000000001296
3.0000000000000022 0.1000000000001063
