0.0000000000000000 1.0000000000000000
0.1000000000000000 0.5500000000000000
0.2000000000000000 0.3250000000000001
0.3000000000000000 0.2125000000000000
0.4000000000000000 0.1562500000000000
0.5000000000000000 0.1281250000000000
0.6000000000000000 0.1140625000000000
0.7000000000000000 0.1070312500000000
0.7999999999999999 0.1035156250000000
0.8999999999999999 0.1017578125000000
0.9999999999999999 0.1008789062500000
1.0999999999999999 0.1004394531250000
1.2000000000000000 0.1002197265625000
1.3000000000000000 0.1001098632812500
1.4000000000000001 0.1000549316406250
1.5000000000000002 0.1000274658203125
1.6000000000000003 0.1000137329101563
1.7000000000000004 0.1000068664550781
1.8000000000000005 0.1000034332275391
1.9000000000000006 0.1000017166137695
2.0000000000000004 0.1000008583068848
2.1000000000000005 0.1000004291534424
2.2000000000000006 0.1000002145767212
2.3000000000000007 0.1000001072883606
2.4000000000000008 0.1000000536441803
2.5000000000000009 0.1000000268220902
2.6000000000000010 0.1000000134110451
2.7000000000000011 0.1000000067055225
2.8000000000000012 0.1000000033527613
2.9000000000000012 0.1000000016763806
3.0000000000000013 0.1000000008381903
