0.0000000000000000 1.0000000000000000
0.0050000000000000 0.9561250000000000
0.0100000000000000 0.9143889062500000
0.0150000000000000 0.8746874470703125
0.0200000000000000 0.8369214340256348
0.0250000000000000 0.8009965141168851
0.0300000000000000 0.7668229340536870
0.0350000000000000 0.7343153160185697
0.0400000000000000 0.7033924443626645
0.0450000000000000 0.6739770626999846
0.0500000000000000 0.6459956808933603
0.0550000000000000 0.6193783914498090
0.0600000000000000 0.5940586948666308
0.0650000000000000 0.5699733334918825
0.0700000000000000 0.5470621334841532
0.0750000000000000 0.5252678544768008
0.0800000000000000 0.5045360465710568
0.0850000000000000 0.4848149143007178
0.0900000000000000 0.4660551872285578
0.0950000000000000 0.4482099968511656
0.1000000000000000 0.4312347595046713
0.1050000000000000 0.4150870649788185
0.1100000000000000 0.3997265705611011
0.1150000000000000 0.3851149002462474
0.1200000000000000 0.3712155488592429
0.1250000000000000 0.3579937908523548
0.1300000000000000 0.3454165935483025
0.1350000000000000 0.3334525346128228
0.1400000000000000 0.3220717235504477
0.1450000000000000 0.3112457270273634
0.1500000000000000 0.3009474978347794
0.1550000000000001 0.2911513073153339
0.1600000000000001 0.2818326810837113
0.1650000000000001 0.2729683378808804
0.1700000000000001 0.2645361314091875
0.1750000000000001 0.2565149950029896
0.1800000000000001 0.2488848889965939
0.1850000000000001 0.2416267506580099
0.1900000000000001 0.2347224465634319
0.1950000000000001 0.2281547272934646
0.2000000000000001 0.2219071843379082
0.2050000000000001 0.2159642091014352
0.2100000000000001 0.2103109539077402
0.2150000000000001 0.2049332949047379
0.2200000000000001 0.1998177967781319
0.2250000000000001 0.1949516791851980
0.2300000000000001 0.1903227848249196
0.2350000000000001 0.1859195490647048
0.2400000000000001 0.1817309710478004
0.2450000000000001 0.1777465862092201
0.2500000000000001 0.1739564401315206
0.2550000000000001 0.1703510636751090
0.2600000000000001 0.1669214493209475
0.2650000000000001 0.1636590286665513
0.2700000000000001 0.1605556510190569
0.2750000000000001 0.1576035630318779
0.2800000000000001 0.1547953893340738
0.2850000000000001 0.1521241141040377
0.2900000000000001 0.1495830635414659
0.2950000000000002 0.1471658891938194
0.3000000000000002 0.1448665520956207
0.3050000000000002 0.1426793076809592
0.3100000000000002 0.1405986914315125
0.3150000000000002 0.1386195052242262
0.3200000000000002 0.1367368043445452
0.3250000000000002 0.1349458851327486
0.3300000000000002 0.1332422732325271
0.3350000000000002 0.1316217124124414
0.3400000000000002 0.1300801539323349
0.3450000000000002 0.1286137464281336
0.3500000000000002 0.1272188262897621
0.3550000000000002 0.1258919085081362
0.3600000000000002 0.1246296779683645
0.3650000000000002 0.1234289811674068
0.3700000000000002 0.1222868183354957
0.3750000000000002 0.1212003359416403
0.3800000000000002 0.1201668195644853
0.3850000000000002 0.1191836871107166
0.3900000000000002 0.1182484823640692
0.3950000000000002 0.1173588688488208
0.4000000000000002 0.1165126239924408
0.4050000000000002 0.1157076335728093
0.4100000000000003 0.1149418864361349
0.4150000000000003 0.1142134694723733
0.4200000000000003 0.1135205628355951
0.4250000000000003 0.1128614353973598
0.4300000000000003 0.1122344404217385
0.4350000000000003 0.1116380114511788
0.4400000000000003 0.1110706583929338
0.4450000000000003 0.1105309637962783
0.4500000000000003 0.1100175793112097
0.4550000000000003 0.1095292223197883
0.4600000000000003 0.1090646727316986
0.4650000000000003 0.1086227699360283
0.4700000000000003 0.1082024099016469
0.4750000000000003 0.1078025424189416
0.4800000000000003 0.1074221684760182
0.4850000000000003 0.1070603377628123
0.4900000000000003 0.1067161462968752
0.4950000000000003 0.1063887341649025
0.5000000000000003 0.1060772833743635
0.5050000000000003 0.1057810158098633
0.5100000000000003 0.1054991912891325
0.5150000000000003 0.1052311057137873
0.5200000000000004 0.1049760893102401
0.5250000000000004 0.1047335049563659
0.5300000000000004 0.1045027465897431
0.5350000000000004 0.1042832376934931
0.5400000000000004 0.1040744298559353
0.5450000000000004 0.1038758014004585
0.5500000000000004 0.1036868560821861
0.5550000000000004 0.1035071218481796
0.5600000000000004 0.1033361496580808
0.5650000000000004 0.1031735123622494
0.5700000000000004 0.1030188036345897
0.5750000000000004 0.1028716369574035
0.5800000000000004 0.1027316446557301
0.5850000000000004 0.1025984769787632
0.5900000000000004 0.1024718012260485
0.5950000000000004 0.1023513009162787
0.6000000000000004 0.1022366749966101
0.6050000000000004 0.1021276370905253
0.6100000000000004 0.1020239147823622
0.6150000000000004 0.1019252489367221
0.6200000000000004 0.1018313930510569
0.6250000000000004 0.1017421126398178
0.6300000000000004 0.1016571846486267
0.6350000000000005 0.1015763968970062
0.6400000000000005 0.1014995475482771
0.6450000000000005 0.1014264446052986
0.6500000000000005 0.1013569054307903
0.6550000000000005 0.1012907562910393
0.6600000000000005 0.1012278319218511
0.6650000000000005 0.1011679751156609
0.6700000000000005 0.1011110363287724
0.6750000000000005 0.1010568733077448
0.6800000000000005 0.1010053507339922
0.6850000000000005 0.1009563398857101
0.6900000000000005 0.1009097183162817
0.6950000000000005 0.1008653695483630
0.7000000000000005 0.1008231827828803
0.7050000000000005 0.1007830526222149
0.7100000000000005 0.1007448788068819
0.7150000000000005 0.1007085659650464
0.7200000000000005 0.1006740233742504
0.7250000000000005 0.1006411647347557
0.7300000000000005 0.1006099079539364
0.7350000000000005 0.1005801749411820
0.7400000000000005 0.1005518914127994
0.7450000000000006 0.1005249867064254
0.7500000000000006 0.1004993936044871
0.7550000000000006 0.1004750481662684
0.7600000000000006 0.1004518895681628
0.7650000000000006 0.1004298599517149
0.7700000000000006 0.1004089042790688
0.7750000000000006 0.1003889701954642
0.7800000000000006 0.1003700078984353
0.7850000000000006 0.1003519700133866
0.7900000000000006 0.1003348114752340
0.7950000000000006 0.1003184894158163
0.8000000000000006 0.1003029630567953
0.8050000000000006 0.1002881936077765
0.8100000000000006 0.1002741441693974
0.8150000000000006 0.1002607796411393
0.8200000000000006 0.1002480666336338
0.8250000000000006 0.1002359733852441
0.8300000000000006 0.1002244696827135
0.8350000000000006 0.1002135267856812
0.8400000000000006 0.1002031173548792
0.8450000000000006 0.1001932153838289
0.8500000000000006 0.1001837961338672
0.8550000000000006 0.1001748360723412
0.8600000000000007 0.1001663128138146
0.8650000000000007 0.1001582050641411
0.8700000000000007 0.1001504925672642
0.8750000000000007 0.1001431560546101
0.8800000000000007 0.1001361771969479
0.8850000000000007 0.1001295385585966
0.8900000000000007 0.1001232235538651
0.8950000000000007 0.1001172164056141
0.9000000000000007 0.1001115021058404
0.9050000000000007 0.1001060663781807
0.9100000000000007 0.1001008956422444
0.9150000000000007 0.1000959769796850
0.9200000000000007 0.1000912981019254
0.9250000000000007 0.1000868473194565
0.9300000000000007 0.1000826135126330
0.9350000000000007 0.1000785861038921
0.9400000000000007 0.1000747550313274
0.9450000000000007 0.1000711107235502
0.9500000000000007 0.1000676440757771
0.9550000000000007 0.1000643464270830
0.9600000000000007 0.1000612095387627
0.9650000000000007 0.1000582255737480
0.9700000000000008 0.1000553870770278
0.9750000000000008 0.1000526869570227
0.9800000000000008 0.1000501184678678
0.9850000000000008 0.1000476751925593
0.9900000000000008 0.1000453510269220
0.9950000000000008 0.1000431401643596
1.0000000000000007 0.1000410370813470
1.0050000000000006 0.1000390365236314
1.0100000000000005 0.1000371334931043
1.0150000000000003 0.1000353232353155
1.0200000000000002 0.1000336012275939
1.0250000000000001 0.1000319631677487
1.0300000000000000 0.1000304049633209
1.0349999999999999 0.1000289227213590
1.0399999999999998 0.1000275127386928
1.0449999999999997 0.1000261714926815
1.0499999999999996 0.1000248956324133
1.0549999999999995 0.1000236819703332
1.0599999999999994 0.1000225274742794
1.0649999999999993 0.1000214292599083
1.0699999999999992 0.1000203845834878
1.0749999999999991 0.1000193908350427
1.0799999999999990 0.1000184455318344
1.0849999999999989 0.1000175463121575
1.0899999999999987 0.1000166909294398
1.0949999999999986 0.1000158772466296
1.0999999999999985 0.1000151032308564
1.1049999999999984 0.1000143669483522
1.1099999999999983 0.1000136665596200
1.1149999999999982 0.1000130003148385
1.1199999999999981 0.1000123665494902
1.1249999999999980 0.1000117636802025
1.1299999999999979 0.1000111902007926
1.1349999999999978 0.1000106446785040
1.1399999999999977 0.1000101257504269
1.1449999999999976 0.1000096321200936
1.1499999999999975 0.1000091625542390
1.1549999999999974 0.1000087158797199
1.1599999999999973 0.1000082909805835
1.1649999999999971 0.1000078867952801
1.1699999999999970 0.1000075023140102
1.1749999999999969 0.1000071365762022
1.1799999999999968 0.1000067886681123
1.1849999999999967 0.1000064577205419
1.1899999999999966 0.1000061429066655
1.1949999999999965 0.1000058434399655
1.1999999999999964 0.1000055585722672
1.2049999999999963 0.1000052875918692
1.2099999999999962 0.1000050298217656
1.2149999999999961 0.1000047846179545
1.2199999999999960 0.1000045513678292
1.2249999999999959 0.1000043294886475
1.2299999999999958 0.1000041184260760
1.2349999999999957 0.1000039176528048
1.2399999999999956 0.1000037266672305
1.2449999999999954 0.1000035449922030
1.2499999999999953 0.1000033721738331
1.2549999999999952 0.1000032077803588
1.2599999999999951 0.1000030514010663
1.2649999999999950 0.1000029026452643
1.2699999999999949 0.1000027611413077
1.2749999999999948 0.1000026265356689
1.2799999999999947 0.1000024984920551
1.2849999999999946 0.1000023766905674
1.2899999999999945 0.1000022608269022
1.2949999999999944 0.1000021506115907
1.2999999999999943 0.1000020457692757
1.3049999999999942 0.1000019460380235
1.3099999999999941 0.1000018511686698
1.3149999999999940 0.1000017609241972
1.3199999999999938 0.1000016750791426
1.3249999999999937 0.1000015934190344
1.3299999999999936 0.1000015157398564
1.3349999999999935 0.1000014418475384
1.3399999999999934 0.1000013715574709
1.3449999999999933 0.1000013046940442
1.3499999999999932 0.1000012410902096
1.3549999999999931 0.1000011805870619
1.3599999999999930 0.1000011230334426
1.3649999999999929 0.1000010682855623
1.3699999999999928 0.1000010162066411
1.3749999999999927 0.1000009666665674
1.3799999999999926 0.1000009195415722
1.3849999999999925 0.1000008747139206
1.3899999999999924 0.1000008320716169
1.3949999999999922 0.1000007915081256
1.3999999999999921 0.1000007529221045
1.4049999999999920 0.1000007162171519
1.4099999999999919 0.1000006813015657
1.4149999999999918 0.1000006480881144
1.4199999999999917 0.1000006164938188
1.4249999999999916 0.1000005864397451
1.4299999999999915 0.1000005578508076
1.4349999999999914 0.1000005306555807
1.4399999999999913 0.1000005047861211
1.4449999999999912 0.1000004801777977
1.4499999999999911 0.1000004567691301
1.4549999999999910 0.1000004345016350
1.4599999999999909 0.1000004133196803
1.4649999999999908 0.1000003931703459
1.4699999999999906 0.1000003740032915
1.4749999999999905 0.1000003557706311
1.4799999999999904 0.1000003384268128
1.4849999999999903 0.1000003219285057
1.4899999999999902 0.1000003062344910
1.4949999999999901 0.1000002913055596
1.4999999999999900 0.1000002771044135
1.5049999999999899 0.1000002635955734
1.5099999999999898 0.1000002507452892
1.5149999999999897 0.1000002385214563
1.5199999999999896 0.1000002268935353
1.5249999999999895 0.1000002158324755
1.5299999999999894 0.1000002053106423
1.5349999999999893 0.1000001953017485
1.5399999999999892 0.1000001857807883
1.5449999999999890 0.1000001767239748
1.5499999999999889 0.1000001681086811
1.5549999999999888 0.1000001599133829
1.5599999999999887 0.1000001521176054
1.5649999999999886 0.1000001447018722
1.5699999999999885 0.1000001376476559
1.5749999999999884 0.1000001309373327
1.5799999999999883 0.1000001245541377
1.5849999999999882 0.1000001184821235
1.5899999999999881 0.1000001127061200
1.5949999999999880 0.1000001072116966
1.5999999999999879 0.1000001019851264
1.6049999999999878 0.1000000970133515
1.6099999999999877 0.1000000922839506
1.6149999999999876 0.1000000877851080
1.6199999999999875 0.1000000835055840
1.6249999999999873 0.1000000794346868
1.6299999999999872 0.1000000755622458
1.6349999999999871 0.1000000718785864
1.6399999999999870 0.1000000683745053
1.6449999999999869 0.1000000650412481
1.6499999999999868 0.1000000618704873
1.6549999999999867 0.1000000588543010
1.6599999999999866 0.1000000559851539
1.6649999999999865 0.1000000532558776
1.6699999999999864 0.1000000506596536
1.6749999999999863 0.1000000481899955
1.6799999999999862 0.1000000458407332
1.6849999999999861 0.1000000436059974
1.6899999999999860 0.1000000414802051
1.6949999999999859 0.1000000394580451
1.6999999999999857 0.1000000375344654
1.7049999999999856 0.1000000357046602
1.7099999999999855 0.1000000339640580
1.7149999999999854 0.1000000323083102
1.7199999999999853 0.1000000307332801
1.7249999999999852 0.1000000292350327
1.7299999999999851 0.1000000278098248
1.7349999999999850 0.1000000264540959
1.7399999999999849 0.1000000251644587
1.7449999999999848 0.1000000239376913
1.7499999999999847 0.1000000227707289
1.7549999999999846 0.1000000216606558
1.7599999999999845 0.1000000206046989
1.7649999999999844 0.1000000196002198
1.7699999999999843 0.1000000186447091
1.7749999999999841 0.1000000177357795
1.7799999999999840 0.1000000168711603
1.7849999999999839 0.1000000160486912
1.7899999999999838 0.1000000152663175
1.7949999999999837 0.1000000145220845
1.7999999999999836 0.1000000138141329
1.8049999999999835 0.1000000131406939
1.8099999999999834 0.1000000125000851
1.8149999999999833 0.1000000118907059
1.8199999999999832 0.1000000113110340
1.8249999999999831 0.1000000107596211
1.8299999999999830 0.1000000102350896
1.8349999999999829 0.1000000097361290
1.8399999999999828 0.1000000092614927
1.8449999999999827 0.1000000088099949
1.8499999999999825 0.1000000083805077
1.8549999999999824 0.1000000079719579
1.8599999999999823 0.1000000075833250
1.8649999999999822 0.1000000072136379
1.8699999999999821 0.1000000068619730
1.8749999999999820 0.1000000065274518
1.8799999999999819 0.1000000062092386
1.8849999999999818 0.1000000059065382
1.8899999999999817 0.1000000056185944
1.8949999999999816 0.1000000053446880
1.8999999999999815 0.1000000050841344
1.9049999999999814 0.1000000048362829
1.9099999999999813 0.1000000046005141
1.9149999999999812 0.1000000043762390
1.9199999999999811 0.1000000041628974
1.9249999999999809 0.1000000039599561
1.9299999999999808 0.1000000037669083
1.9349999999999807 0.1000000035832715
1.9399999999999806 0.1000000034085870
1.9449999999999805 0.1000000032424184
1.9499999999999804 0.1000000030843505
1.9549999999999803 0.1000000029339884
1.9599999999999802 0.1000000027909565
1.9649999999999801 0.1000000026548973
1.9699999999999800 0.1000000025254711
1.9749999999999799 0.1000000024023544
1.9799999999999798 0.1000000022852396
1.9849999999999797 0.1000000021738342
1.9899999999999796 0.1000000020678598
1.9949999999999795 0.1000000019670516
1.9999999999999793 0.1000000018711578
2.0049999999999795 0.1000000017799389
2.0099999999999794 0.1000000016931669
2.0149999999999793 0.1000000016106250
2.0199999999999791 0.1000000015321070
2.0249999999999790 0.1000000014574168
2.0299999999999789 0.1000000013863677
2.0349999999999788 0.1000000013187823
2.0399999999999787 0.1000000012544917
2.0449999999999786 0.1000000011933352
2.0499999999999785 0.1000000011351601
2.0549999999999784 0.1000000010798211
2.0599999999999783 0.1000000010271798
2.0649999999999782 0.1000000009771048
2.0699999999999781 0.1000000009294709
2.0749999999999780 0.1000000008841592
2.0799999999999779 0.1000000008410564
2.0849999999999778 0.1000000008000549
2.0899999999999777 0.1000000007610523
2.0949999999999775 0.1000000007239510
2.0999999999999774 0.1000000006886583
2.1049999999999773 0.1000000006550863
2.1099999999999772 0.1000000006231508
2.1149999999999771 0.1000000005927722
2.1199999999999770 0.1000000005638745
2.1249999999999769 0.1000000005363857
2.1299999999999768 0.1000000005102369
2.1349999999999767 0.1000000004853628
2.1399999999999766 0.1000000004617014
2.1449999999999765 0.1000000004391934
2.1499999999999764 0.1000000004177828
2.1549999999999763 0.1000000003974158
2.1599999999999762 0.1000000003780418
2.1649999999999761 0.1000000003596123
2.1699999999999759 0.1000000003420812
2.1749999999999758 0.1000000003254047
2.1799999999999757 0.1000000003095413
2.1849999999999756 0.1000000002944511
2.1899999999999755 0.1000000002800966
2.1949999999999754 0.1000000002664419
2.1999999999999753 0.1000000002534529
2.2049999999999752 0.1000000002410971
2.2099999999999751 0.1000000002293436
2.2149999999999750 0.1000000002181631
2.2199999999999749 0.1000000002075276
2.2249999999999748 0.1000000001974106
2.2299999999999747 0.1000000001877869
2.2349999999999746 0.1000000001786323
2.2399999999999745 0.1000000001699239
2.2449999999999743 0.1000000001616401
2.2499999999999742 0.1000000001537602
2.2549999999999741 0.1000000001462644
2.2599999999999740 0.1000000001391340
2.2649999999999739 0.1000000001323512
2.2699999999999738 0.1000000001258991
2.2749999999999737 0.1000000001197615
2.2799999999999736 0.1000000001139231
2.2849999999999735 0.1000000001083694
2.2899999999999734 0.1000000001030864
2.2949999999999733 0.1000000000980609
2.2999999999999732 0.1000000000932804
2.3049999999999731 0.1000000000887330
2.3099999999999730 0.1000000000844073
2.3149999999999729 0.1000000000802924
2.3199999999999728 0.1000000000763782
2.3249999999999726 0.1000000000726547
2.3299999999999725 0.1000000000691128
2.3349999999999724 0.1000000000657436
2.3399999999999723 0.1000000000625386
2.3449999999999722 0.1000000000594898
2.3499999999999721 0.1000000000565897
2.3549999999999720 0.1000000000538309
2.3599999999999719 0.1000000000512067
2.3649999999999718 0.1000000000487103
2.3699999999999717 0.1000000000463357
2.3749999999999716 0.1000000000440769
2.3799999999999715 0.1000000000419281
2.3849999999999714 0.1000000000398841
2.3899999999999713 0.1000000000379398
2.3949999999999712 0.1000000000360902
2.3999999999999710 0.1000000000343308
2.4049999999999709 0.1000000000326572
2.4099999999999708 0.1000000000310651
2.4149999999999707 0.1000000000295507
2.4199999999999706 0.1000000000281101
2.4249999999999705 0.1000000000267398
2.4299999999999704 0.1000000000254362
2.4349999999999703 0.1000000000241962
2.4399999999999702 0.1000000000230166
2.4449999999999701 0.1000000000218945
2.4499999999999700 0.1000000000208272
2.4549999999999699 0.1000000000198119
2.4599999999999698 0.1000000000188460
2.4649999999999697 0.1000000000179273
2.4699999999999696 0.1000000000170533
2.4749999999999694 0.1000000000162220
2.4799999999999693 0.1000000000154312
2.4849999999999692 0.1000000000146789
2.4899999999999691 0.1000000000139633
2.4949999999999690 0.1000000000132826
2.4999999999999689 0.1000000000126351
2.5049999999999688 0.1000000000120191
2.5099999999999687 0.1000000000114332
2.5149999999999686 0.1000000000108758
2.5199999999999685 0.1000000000103456
2.5249999999999684 0.1000000000098412
2.5299999999999683 0.1000000000093615
2.5349999999999682 0.1000000000089051
2.5399999999999681 0.1000000000084710
2.5449999999999680 0.1000000000080580
2.5499999999999678 0.1000000000076652
2.5549999999999677 0.1000000000072915
2.5599999999999676 0.1000000000069361
2.5649999999999675 0.1000000000065979
2.5699999999999674 0.1000000000062763
2.5749999999999673 0.1000000000059703
2.5799999999999672 0.1000000000056793
2.5849999999999671 0.1000000000054024
2.5899999999999670 0.1000000000051390
2.5949999999999669 0.1000000000048885
2.5999999999999668 0.1000000000046502
2.6049999999999667 0.1000000000044235
2.6099999999999666 0.1000000000042079
2.6149999999999665 0.1000000000040027
2.6199999999999664 0.1000000000038076
2.6249999999999662 0.1000000000036220
2.6299999999999661 0.1000000000034454
2.6349999999999660 0.1000000000032775
2.6399999999999659 0.1000000000031177
2.6449999999999658 0.1000000000029657
2.6499999999999657 0.1000000000028211
2.6549999999999656 0.1000000000026836
2.6599999999999655 0.1000000000025528
2.6649999999999654 0.1000000000024283
2.6699999999999653 0.1000000000023099
2.6749999999999652 0.1000000000021973
2.6799999999999651 0.1000000000020902
2.6849999999999650 0.1000000000019883
2.6899999999999649 0.1000000000018914
2.6949999999999648 0.1000000000017992
2.6999999999999647 0.1000000000017115
2.7049999999999645 0.1000000000016280
2.7099999999999644 0.1000000000015487
2.7149999999999643 0.1000000000014732
2.7199999999999642 0.1000000000014013
2.7249999999999641 0.1000000000013330
2.7299999999999640 0.1000000000012680
2.7349999999999639 0.1000000000012062
2.7399999999999638 0.1000000000011474
2.7449999999999637 0.1000000000010915
2.7499999999999636 0.1000000000010383
2.7549999999999635 0.1000000000009877
2.7599999999999634 0.1000000000009395
2.7649999999999633 0.1000000000008937
2.7699999999999632 0.1000000000008502
2.7749999999999631 0.1000000000008087
2.7799999999999629 0.1000000000007693
2.7849999999999628 0.1000000000007318
2.7899999999999627 0.1000000000006961
2.7949999999999626 0.1000000000006622
2.7999999999999625 0.1000000000006299
2.8049999999999624 0.1000000000005992
2.8099999999999623 0.1000000000005700
2.8149999999999622 0.1000000000005422
2.8199999999999621 0.1000000000005158
2.8249999999999620 0.1000000000004906
2.8299999999999619 0.1000000000004667
2.8349999999999618 0.1000000000004440
2.8399999999999617 0.1000000000004223
2.8449999999999616 0.1000000000004017
2.8499999999999615 0.1000000000003821
2.8549999999999613 0.1000000000003635
2.8599999999999612 0.1000000000003458
2.8649999999999611 0.1000000000003289
2.8699999999999610 0.1000000000003129
2.8749999999999609 0.1000000000002977
2.8799999999999608 0.1000000000002831
2.8849999999999607 0.1000000000002693
2.8899999999999606 0.1000000000002562
2.8949999999999605 0.1000000000002437
2.8999999999999604 0.1000000000002318
2.9049999999999603 0.1000000000002205
2.9099999999999602 0.1000000000002098
2.9149999999999601 0.1000000000001996
2.9199999999999600 0.1000000000001898
2.9249999999999599 0.1000000000001806
2.9299999999999597 0.1000000000001718
2.9349999999999596 0.1000000000001634
2.9399999999999595 0.1000000000001554
2.9449999999999594 0.1000000000001479
2.9499999999999593 0.1000000000001407
2.9549999999999592 0.1000000000001338
2.9599999999999591 0.1000000000001273
2.9649999999999590 0.1000000000001211
2.9699999999999589 0.1000000000001152
2.9749999999999588 0.1000000000001096
2.9799999999999587 0.1000000000001042
2.9849999999999586 0.1000000000000991
2.9899999999999585 0.1000000000000943
2.9949999999999584 0.1000000000000897
2.9999999999999583 0.1000000000000853
3.0049999999999581 0.1000000000000812
