0.0000000000000000 1.0000000000000000
0.2100000000000000 1.0944999999999998
0.4200000000000000 1.1989224999999997
0.6300000000000000 1.3143093624999995
0.8400000000000000 1.4418118455624991
1.0500000000000000 1.5827020893465615
1.2600000000000000 1.7383858087279505
1.4700000000000000 1.9104163186443852
1.6799999999999999 2.1005100321020453
1.8899999999999999 2.3105635854727602
2.1000000000000001 2.5426727619474003
2.3100000000000001 2.7991534019518776
2.5200000000000000 3.0825645091568243
2.7300000000000000 3.3957337826182910
2.9399999999999999 3.7417858297932107
3.1499999999999999 4.1241733419214972
3.3599999999999999 4.5467115428232541
3.5699999999999998 5.0136162548196950
3.7799999999999998 5.5295459615757618
3.9899999999999998 6.0996482875412177
4.2000000000000002 6.7296113577330452
4.4100000000000001 7.4257205502950141
4.6200000000000001 8.1949212080759892
4.8300000000000001 9.0448879349239668
5.0400000000000000 9.9841011680909801
