0.0000000000000000 1.0000000000000000
0.0020000000000000 0.9821800000000001
0.0040000000000000 0.9647128360000000
0.0060000000000000 0.9475915218472000
0.0080000000000000 0.9308092097146254
0.0100000000000000 0.9143591873622758
0.0120000000000000 0.8982348754525028
0.0140000000000000 0.8824298249185433
0.0160000000000000 0.8669377143851561
0.0180000000000000 0.8517523476403300
0.0200000000000000 0.8368676511570515
0.0220000000000000 0.8222776716641419
0.0240000000000000 0.8079765737651918
0.0260000000000000 0.7939586376046410
0.0280000000000000 0.7802182565800692
0.0300000000000000 0.7667499350997838
0.0320000000000000 0.7535482863848081
0.0340000000000000 0.7406080303143889
0.0360000000000000 0.7279239913141641
0.0380000000000000 0.7154910962861436
0.0400000000000000 0.7033043725796779
0.0420000000000000 0.6913589460026003
0.0440000000000000 0.6796500388717488
0.0460000000000000 0.6681729681020881
0.0480000000000000 0.6569231433336669
0.0500000000000000 0.6458960650956602
0.0520000000000000 0.6350873230067662
0.0540000000000000 0.6244925940112322
0.0560000000000000 0.6141076406498098
0.0580000000000000 0.6039283093649436
0.0600000000000000 0.5939505288395177
0.0620000000000000 0.5841703083684953
0.0640000000000000 0.5745837362627990
0.0660000000000000 0.5651869782847956
0.0680000000000000 0.5559762761147566
0.0700000000000000 0.5469479458476845
0.0720000000000001 0.5380983765199003
0.0740000000000001 0.5294240286648063
0.0760000000000001 0.5209214328972431
0.0780000000000001 0.5125871885258777
0.0800000000000001 0.5044179621930653
0.0820000000000001 0.4964104865416427
0.0840000000000001 0.4885615589081181
0.0860000000000001 0.4808680400417374
0.0880000000000001 0.4733268528489110
0.0900000000000001 0.4659349811625025
0.0920000000000001 0.4586894685354850
0.0940000000000001 0.4515874170584824
0.0960000000000001 0.4446259862007244
0.0980000000000001 0.4378023916739501
0.1000000000000001 0.4311139043188059
0.1020000000000001 0.4245578490132935
0.1040000000000001 0.4181316036028303
0.1060000000000001 0.4118325978514943
0.1080000000000001 0.4056583124140347
0.1100000000000001 0.3996062778282368
0.1120000000000001 0.3936740735272377
0.1140000000000001 0.3878593268713984
0.1160000000000001 0.3821597121993447
0.1180000000000001 0.3765729498977977
0.1200000000000001 0.3710968054898213
0.1220000000000001 0.3657290887411228
0.1240000000000001 0.3604676527840486
0.1260000000000001 0.3553103932589244
0.1280000000000001 0.3502552474723977
0.1300000000000001 0.3453001935724442
0.1320000000000001 0.3404432497397099
0.1340000000000001 0.3356824733948636
0.1360000000000001 0.3310159604216453
0.1380000000000001 0.3264418444052968
0.1400000000000001 0.3219582958860719
0.1420000000000001 0.3175635216275277
0.1440000000000001 0.3132557638993026
0.1460000000000001 0.3090332997740964
0.1480000000000001 0.3048944404385693
0.1500000000000001 0.3008375305178856
0.1520000000000001 0.2968609474136314
0.1540000000000001 0.2929631006548415
0.1560000000000001 0.2891424312618757
0.1580000000000001 0.2853974111228905
0.1600000000000001 0.2817265423826573
0.1620000000000001 0.2781283568434806
0.1640000000000001 0.2746014153779797
0.1660000000000001 0.2711443073534957
0.1680000000000001 0.2677556500678965
0.1700000000000001 0.2644340881965521
0.1720000000000001 0.2611782932502604
0.1740000000000001 0.2579869630439052
0.1760000000000001 0.2548588211756359
0.1780000000000001 0.2517926165163583
0.1800000000000001 0.2487871227093344
0.1820000000000001 0.2458411376796896
0.1840000000000001 0.2429534831536317
0.1860000000000001 0.2401230041871898
0.1880000000000001 0.2373485687042835
0.1900000000000001 0.2346290670439387
0.1920000000000001 0.2319634115164687
0.1940000000000001 0.2293505359684426
0.1960000000000001 0.2267893953562675
0.1980000000000001 0.2242789653282134
0.2000000000000001 0.2218182418147147
0.2020000000000002 0.2194062406267834
0.2040000000000002 0.2170419970623731
0.2060000000000002 0.2147245655205381
0.2080000000000002 0.2124530191232314
0.2100000000000002 0.2102264493445915
0.2120000000000002 0.2080439656475686
0.2140000000000002 0.2059046951277467
0.2160000000000002 0.2038077821642173
0.2180000000000002 0.2017523880773658
0.2200000000000002 0.1997376907934340
0.2220000000000002 0.1977628845157240
0.2240000000000002 0.1958271794023126
0.2260000000000002 0.1939298012501469
0.2280000000000002 0.1920699911853939
0.2300000000000002 0.1902470053599231
0.2320000000000002 0.1884601146537967
0.2340000000000002 0.1867086043836515
0.2360000000000002 0.1849917740168552
0.2380000000000002 0.1833089368913215
0.2400000000000002 0.1816594199408733
0.2420000000000002 0.1800425634260440
0.2440000000000002 0.1784577206702083
0.2460000000000002 0.1769042578009382
0.2480000000000002 0.1753815534964796
0.2500000000000002 0.1738889987372493
0.2520000000000002 0.1724259965622518
0.2540000000000002 0.1709919618303192
0.2560000000000002 0.1695863209860789
0.2580000000000002 0.1682085118305545
0.2600000000000002 0.1668579832963095
0.2620000000000002 0.1655341952270426
0.2640000000000002 0.1642366181615472
0.2660000000000002 0.1629647331219486
0.2680000000000002 0.1617180314061340
0.2700000000000002 0.1604960143842925
0.2720000000000002 0.1592981932994835
0.2740000000000002 0.1581240890721538
0.2760000000000002 0.1569732321085251
0.2780000000000002 0.1558451621127763
0.2800000000000002 0.1547394279029433
0.2820000000000002 0.1536555872304650
0.2840000000000002 0.1525932066033018
0.2860000000000002 0.1515518611125564
0.2880000000000002 0.1505311342625278
0.2900000000000002 0.1495306178041298
0.2920000000000002 0.1485499115716080
0.2940000000000002 0.1475886233224901
0.2960000000000002 0.1466463685807048
0.2980000000000002 0.1457227704828069
0.3000000000000002 0.1448174596272473
0.3020000000000002 0.1439300739266278
0.3040000000000002 0.1430602584628806
0.3060000000000002 0.1422076653453155
0.3080000000000002 0.1413719535714783
0.3100000000000002 0.1405527888907630
0.3120000000000002 0.1397498436707259
0.3140000000000002 0.1389627967660455
0.3160000000000002 0.1381913333900778
0.3180000000000002 0.1374351449889543
0.3200000000000002 0.1366939291181730
0.3220000000000002 0.1359673893216332
0.3240000000000002 0.1352552350130648
0.3260000000000002 0.1345571813598062
0.3280000000000002 0.1338729491688820
0.3300000000000002 0.1332022647753381
0.3320000000000002 0.1325448599327864
0.3340000000000002 0.1319004717061172
0.3360000000000002 0.1312688423663361
0.3380000000000002 0.1306497192874827
0.3400000000000002 0.1300428548455905
0.3420000000000002 0.1294480063196478
0.3440000000000003 0.1288649357945188
0.3460000000000003 0.1282934100657873
0.3480000000000003 0.1277332005464848
0.3500000000000003 0.1271840831756644
0.3520000000000003 0.1266458383287862
0.3540000000000003 0.1261182507298763
0.3560000000000003 0.1256011093654247
0.3580000000000003 0.1250942073999893
0.3600000000000003 0.1245973420934695
0.3620000000000003 0.1241103147200188
0.3640000000000003 0.1236329304885624
0.3660000000000003 0.1231649984648889
0.3680000000000003 0.1227063314952841
0.3700000000000003 0.1222567461316775
0.3720000000000003 0.1218160625582703
0.3740000000000003 0.1213841045196165
0.3760000000000003 0.1209606992501281
0.3780000000000003 0.1205456774049756
0.3800000000000003 0.1201388729923571
0.3820000000000003 0.1197401233071084
0.3840000000000003 0.1193492688656276
0.3860000000000003 0.1189661533420882
0.3880000000000003 0.1185906235059149
0.3900000000000003 0.1182225291604977
0.3920000000000003 0.1178617230831199
0.3940000000000003 0.1175080609660741
0.3960000000000003 0.1171614013589458
0.3980000000000003 0.1168216056120387
0.4000000000000003 0.1164885378209203
0.4020000000000003 0.1161620647720661
0.4040000000000003 0.1158420558895792
0.4060000000000003 0.1155283831829655
0.4080000000000003 0.1152209211959428
0.4100000000000003 0.1149195469562631
0.4120000000000003 0.1146241399265291
0.4140000000000003 0.1143345819559839
0.4160000000000003 0.1140507572332554
0.4180000000000003 0.1137725522400369
0.4200000000000003 0.1134998557056842
0.4220000000000003 0.1132325585627117
0.4240000000000003 0.1129705539031700
0.4260000000000003 0.1127137369358872
0.4280000000000003 0.1124620049445566
0.4300000000000003 0.1122152572466544
0.4320000000000003 0.1119733951531706
0.4340000000000003 0.1117363219291379
0.4360000000000003 0.1115039427549409
0.4380000000000003 0.1112761646883931
0.4400000000000003 0.1110528966275629
0.4420000000000003 0.1108340492743372
0.4440000000000003 0.1106195350987053
0.4460000000000003 0.1104092683037509
0.4480000000000003 0.1102031647913367
0.4500000000000003 0.1100011421284682
0.4520000000000003 0.1098031195143245
0.4540000000000003 0.1096090177479409
0.4560000000000003 0.1094187591965317
0.4580000000000004 0.1092322677644403
0.4600000000000004 0.1090494688627044
0.4620000000000004 0.1088702893792229
0.4640000000000004 0.1086946576495143
0.4660000000000004 0.1085225034280539
0.4680000000000004 0.1083537578601784
0.4700000000000004 0.1081883534545469
0.4720000000000004 0.1080262240561468
0.4740000000000004 0.1078673048198351
0.4760000000000004 0.1077115321844024
0.4780000000000004 0.1075588438471512
0.4800000000000004 0.1074091787389776
0.4820000000000004 0.1072624769999459
0.4840000000000004 0.1071186799553470
0.4860000000000004 0.1069777300922311
0.4880000000000004 0.1068395710364049
0.4900000000000004 0.1067041475298841
0.4920000000000004 0.1065714054087924
0.4940000000000004 0.1064412915816983
0.4960000000000004 0.1063137540083807
0.4980000000000004 0.1061887416790147
0.5000000000000003 0.1060662045937702
0.5020000000000003 0.1059460937428136
0.5040000000000003 0.1058283610867059
0.5060000000000003 0.1057129595371891
0.5080000000000003 0.1055998429383528
0.5100000000000003 0.1054889660481734
0.5120000000000003 0.1053802845204195
0.5140000000000003 0.1052737548869152
0.5160000000000003 0.1051693345401543
0.5180000000000003 0.1050669817162593
0.5200000000000004 0.1049666554782773
0.5220000000000004 0.1048683156998074
0.5240000000000004 0.1047719230489512
0.5260000000000004 0.1046774389725820
0.5280000000000004 0.1045848256809249
0.5300000000000004 0.1044940461324426
0.5320000000000004 0.1044050640190202
0.5340000000000004 0.1043178437514436
0.5360000000000004 0.1042323504451650
0.5380000000000004 0.1041485499063508
0.5400000000000004 0.1040664086182050
0.5420000000000004 0.1039858937275646
0.5440000000000004 0.1039069730317588
0.5460000000000004 0.1038296149657300
0.5480000000000004 0.1037537885894085
0.5500000000000004 0.1036794635753382
0.5520000000000004 0.1036066101965465
0.5540000000000004 0.1035351993146549
0.5560000000000004 0.1034652023682247
0.5580000000000004 0.1033965913613339
0.5600000000000004 0.1033293388523795
0.5620000000000004 0.1032634179431024
0.5640000000000004 0.1031988022678289
0.5660000000000004 0.1031354659829259
0.5680000000000004 0.1030733837564640
0.5700000000000004 0.1030125307580860
0.5720000000000004 0.1029528826490759
0.5740000000000004 0.1028944155726242
0.5760000000000004 0.1028371061442862
0.5780000000000004 0.1027809314426294
0.5800000000000004 0.1027258690000653
0.5820000000000004 0.1026718967938640
0.5840000000000004 0.1026189932373455
0.5860000000000004 0.1025671371712461
0.5880000000000004 0.1025163078552554
0.5900000000000004 0.1024664849597214
0.5920000000000004 0.1024176485575189
0.5940000000000004 0.1023697791160800
0.5960000000000004 0.1023228574895816
0.5980000000000004 0.1022768649112879
0.6000000000000004 0.1022317829860444
0.6020000000000004 0.1021875936829207
0.6040000000000004 0.1021442793279989
0.6060000000000004 0.1021018225973045
0.6080000000000004 0.1020602065098779
0.6100000000000004 0.1020194144209823
0.6120000000000004 0.1019794300154469
0.6140000000000004 0.1019402373011410
0.6160000000000004 0.1019018206025784
0.6180000000000004 0.1018641645546474
0.6200000000000004 0.1018272540964653
0.6220000000000004 0.1017910744653553
0.6240000000000004 0.1017556111909413
0.6260000000000004 0.1017208500893607
0.6280000000000004 0.1016867772575913
0.6300000000000004 0.1016533790678910
0.6320000000000005 0.1016206421623468
0.6340000000000005 0.1015885534475323
0.6360000000000005 0.1015571000892711
0.6380000000000005 0.1015262695075036
0.6400000000000005 0.1014960493712550
0.6420000000000005 0.1014664275937042
0.6440000000000005 0.1014373923273488
0.6460000000000005 0.1014089319592673
0.6480000000000005 0.1013810351064738
0.6500000000000005 0.1013536906113656
0.6520000000000005 0.1013268875372606
0.6540000000000005 0.1013006151640229
0.6560000000000005 0.1012748629837752
0.6580000000000005 0.1012496206966965
0.6600000000000005 0.1012248782069019
0.6620000000000005 0.1012006256184052
0.6640000000000005 0.1011768532311608
0.6660000000000005 0.1011535515371838
0.6680000000000005 0.1011307112167476
0.6700000000000005 0.1011083231346560
0.6720000000000005 0.1010863783365898
0.6740000000000005 0.1010648680455253
0.6760000000000005 0.1010437836582239
0.6780000000000005 0.1010231167417911
0.6800000000000005 0.1010028590303036
0.6820000000000005 0.1009830024215036
0.6840000000000005 0.1009635389735578
0.6860000000000005 0.1009444609018814
0.6880000000000005 0.1009257605760241
0.6900000000000005 0.1009074305166188
0.6920000000000005 0.1008894633923898
0.6940000000000005 0.1008718520172205
0.6960000000000005 0.1008545893472795
0.6980000000000005 0.1008376684782034
0.7000000000000005 0.1008210826423349
0.7020000000000005 0.1008048252060167
0.7040000000000005 0.1007888896669376
0.7060000000000005 0.1007732696515322
0.7080000000000005 0.1007579589124318
0.7100000000000005 0.1007429513259657
0.7120000000000005 0.1007282408897116
0.7140000000000005 0.1007138217200953
0.7160000000000005 0.1006996880500374
0.7180000000000005 0.1006858342266467
0.7200000000000005 0.1006722547089591
0.7220000000000005 0.1006589440657217
0.7240000000000005 0.1006458969732204
0.7260000000000005 0.1006331082131506
0.7280000000000005 0.1006205726705302
0.7300000000000005 0.1006082853316537
0.7320000000000005 0.1005962412820870
0.7340000000000005 0.1005844357047017
0.7360000000000005 0.1005728638777486
0.7380000000000005 0.1005615211729692
0.7400000000000005 0.1005504030537444
0.7420000000000005 0.1005395050732802
0.7440000000000005 0.1005288228728293
0.7460000000000006 0.1005183521799473
0.7480000000000006 0.1005080888067843
0.7500000000000006 0.1004980286484100
0.7520000000000006 0.1004881676811715
0.7540000000000006 0.1004785019610843
0.7560000000000006 0.1004690276222548
0.7580000000000006 0.1004597408753342
0.7600000000000006 0.1004506380060025
0.7620000000000006 0.1004417153734837
0.7640000000000006 0.1004329694090887
0.7660000000000006 0.1004243966147888
0.7680000000000006 0.1004159935618159
0.7700000000000006 0.1004077568892920
0.7720000000000006 0.1003996833028840
0.7740000000000006 0.1003917695734869
0.7760000000000006 0.1003840125359319
0.7780000000000006 0.1003764090877204
0.7800000000000006 0.1003689561877836
0.7820000000000006 0.1003616508552655
0.7840000000000006 0.1003544901683312
0.7860000000000006 0.1003474712629982
0.7880000000000006 0.1003405913319909
0.7900000000000006 0.1003338476236175
0.7920000000000006 0.1003272374406698
0.7940000000000006 0.1003207581393446
0.7960000000000006 0.1003144071281856
0.7980000000000006 0.1003081818670475
0.8000000000000006 0.1003020798660799
0.8020000000000006 0.1002960986847316
0.8040000000000006 0.1002902359307739
0.8060000000000006 0.1002844892593446
0.8080000000000006 0.1002788563720095
0.8100000000000006 0.1002733350158437
0.8120000000000006 0.1002679229825300
0.8140000000000006 0.1002626181074759
0.8160000000000006 0.1002574182689479
0.8180000000000006 0.1002523213872227
0.8200000000000006 0.1002473254237557
0.8220000000000006 0.1002424283803654
0.8240000000000006 0.1002376282984341
0.8260000000000006 0.1002329232581251
0.8280000000000006 0.1002283113776143
0.8300000000000006 0.1002237908123375
0.8320000000000006 0.1002193597542532
0.8340000000000006 0.1002150164311190
0.8360000000000006 0.1002107591057828
0.8380000000000006 0.1002065860754883
0.8400000000000006 0.1002024956711937
0.8420000000000006 0.1001984862569040
0.8440000000000006 0.1001945562290173
0.8460000000000006 0.1001907040156828
0.8480000000000006 0.1001869280761723
0.8500000000000006 0.1001832269002641
0.8520000000000006 0.1001795990076388
0.8540000000000006 0.1001760429472876
0.8560000000000006 0.1001725572969313
0.8580000000000007 0.1001691406624520
0.8600000000000007 0.1001657916773355
0.8620000000000007 0.1001625090021243
0.8640000000000007 0.1001592913238822
0.8660000000000007 0.1001561373556693
0.8680000000000007 0.1001530458360271
0.8700000000000007 0.1001500155284737
0.8720000000000007 0.1001470452210100
0.8740000000000007 0.1001441337256340
0.8760000000000007 0.1001412798778664
0.8780000000000007 0.1001384825362847
0.8800000000000007 0.1001357405820662
0.8820000000000007 0.1001330529185413
0.8840000000000007 0.1001304184707542
0.8860000000000007 0.1001278361850333
0.8880000000000007 0.1001253050285696
0.8900000000000007 0.1001228239890039
0.8920000000000007 0.1001203920740216
0.8940000000000007 0.1001180083109560
0.8960000000000007 0.1001156717463991
0.8980000000000007 0.1001133814458204
0.9000000000000007 0.1001111364931931
0.9020000000000007 0.1001089359906279
0.9040000000000007 0.1001067790580135
0.9060000000000007 0.1001046648326648
0.9080000000000007 0.1001025924689780
0.9100000000000007 0.1001005611380923
0.9120000000000007 0.1000985700275580
0.9140000000000007 0.1000966183410124
0.9160000000000007 0.1000947052978603
0.9180000000000007 0.1000928301329627
0.9200000000000007 0.1000909920963300
0.9220000000000007 0.1000891904528227
0.9240000000000007 0.1000874244818568
0.9260000000000007 0.1000856934771160
0.9280000000000007 0.1000839967462692
0.9300000000000007 0.1000823336106930
0.9320000000000007 0.1000807034052013
0.9340000000000007 0.1000791054777783
0.9360000000000007 0.1000775391893183
0.9380000000000007 0.1000760039133698
0.9400000000000007 0.1000744990358851
0.9420000000000007 0.1000730239549745
0.9440000000000007 0.1000715780806661
0.9460000000000007 0.1000701608346689
0.9480000000000007 0.1000687716501424
0.9500000000000007 0.1000674099714696
0.9520000000000007 0.1000660752540345
0.9540000000000007 0.1000647669640046
0.9560000000000007 0.1000634845781173
0.9580000000000007 0.1000622275834706
0.9600000000000007 0.1000609954773179
0.9620000000000007 0.1000597877668670
0.9640000000000007 0.1000586039690830
0.9660000000000007 0.1000574436104952
0.9680000000000007 0.1000563062270074
0.9700000000000008 0.1000551913637126
0.9720000000000008 0.1000540985747111
0.9740000000000008 0.1000530274229319
0.9760000000000008 0.1000519774799578
0.9780000000000008 0.1000509483258546
0.9800000000000008 0.1000499395490027
0.9820000000000008 0.1000489507459325
0.9840000000000008 0.1000479815211630
0.9860000000000008 0.1000470314870440
0.9880000000000008 0.1000461002636005
0.9900000000000008 0.1000451874783812
0.9920000000000008 0.1000442927663093
0.9940000000000008 0.1000434157695364
0.9960000000000008 0.1000425561372995
0.9980000000000008 0.1000417135257810
1.0000000000000007 0.1000408875979705
1.0020000000000007 0.1000400780235307
1.0040000000000007 0.1000392844786648
1.0060000000000007 0.1000385066459872
1.0080000000000007 0.1000377442143967
1.0100000000000007 0.1000369968789517
1.0120000000000007 0.1000362643407484
1.0140000000000007 0.1000355463068016
1.0160000000000007 0.1000348424899269
1.0180000000000007 0.1000341526086264
1.0200000000000007 0.1000334763869756
1.0220000000000007 0.1000328135545134
1.0240000000000007 0.1000321638461341
1.0260000000000007 0.1000315270019806
1.0280000000000007 0.1000309027673414
1.0300000000000007 0.1000302908925481
1.0320000000000007 0.1000296911328756
1.0340000000000007 0.1000291032484447
1.0360000000000007 0.1000285270041255
1.0380000000000007 0.1000279621694438
1.0400000000000007 0.1000274085184888
1.0420000000000007 0.1000268658298227
1.0440000000000007 0.1000263338863922
1.0460000000000007 0.1000258124754417
1.0480000000000007 0.1000253013884279
1.0500000000000007 0.1000248004209370
1.0520000000000007 0.1000243093726025
1.0540000000000007 0.1000238280470250
1.0560000000000007 0.1000233562516939
1.0580000000000007 0.1000228937979103
1.0600000000000007 0.1000224405007117
1.0620000000000007 0.1000219961787976
1.0640000000000007 0.1000215606544574
1.0660000000000007 0.1000211337534992
1.0680000000000007 0.1000207153051799
1.0700000000000007 0.1000203051421373
1.0720000000000007 0.1000199031003230
1.0740000000000007 0.1000195090189366
1.0760000000000007 0.1000191227403617
1.0780000000000007 0.1000187441101025
1.0800000000000007 0.1000183729767225
1.0820000000000007 0.1000180091917834
1.0840000000000007 0.1000176526097861
1.0860000000000007 0.1000173030881123
1.0880000000000007 0.1000169604869677
1.0900000000000007 0.1000166246693257
1.0920000000000007 0.1000162955008731
1.0940000000000007 0.1000159728499558
1.0960000000000008 0.1000156565875267
1.0980000000000008 0.1000153465870936
1.1000000000000008 0.1000150427246692
1.1020000000000008 0.1000147448787207
1.1040000000000008 0.1000144529301221
1.1060000000000008 0.1000141667621056
1.1080000000000008 0.1000138862602159
1.1100000000000008 0.1000136113122637
1.1120000000000008 0.1000133418082808
1.1140000000000008 0.1000130776404769
1.1160000000000008 0.1000128187031954
1.1180000000000008 0.1000125648928722
1.1200000000000008 0.1000123161079933
1.1220000000000008 0.1000120722490550
1.1240000000000008 0.1000118332185237
1.1260000000000008 0.1000115989207970
1.1280000000000008 0.1000113692621652
1.1300000000000008 0.1000111441507743
1.1320000000000008 0.1000109234965890
1.1340000000000008 0.1000107072113565
1.1360000000000008 0.1000104952085717
1.1380000000000008 0.1000102874034420
1.1400000000000008 0.1000100837128538
1.1420000000000008 0.1000098840553393
1.1440000000000008 0.1000096883510436
1.1460000000000008 0.1000094965216929
1.1480000000000008 0.1000093084905634
1.1500000000000008 0.1000091241824503
1.1520000000000008 0.1000089435236377
1.1540000000000008 0.1000087664418697
1.1560000000000008 0.1000085928663207
1.1580000000000008 0.1000084227275675
1.1600000000000008 0.1000082559575617
1.1620000000000008 0.1000080924896020
1.1640000000000008 0.1000079322583079
1.1660000000000008 0.1000077751995934
1.1680000000000008 0.1000076212506414
1.1700000000000008 0.1000074703498787
1.1720000000000008 0.1000073224369511
1.1740000000000008 0.1000071774526995
1.1760000000000008 0.1000070353391360
1.1780000000000008 0.1000068960394211
1.1800000000000008 0.1000067594978406
1.1820000000000008 0.1000066256597834
1.1840000000000008 0.1000064944717197
1.1860000000000008 0.1000063658811796
1.1880000000000008 0.1000062398367322
1.1900000000000008 0.1000061162879649
1.1920000000000008 0.1000059951854632
1.1940000000000008 0.1000058764807911
1.1960000000000008 0.1000057601264714
1.1980000000000008 0.1000056460759673
1.2000000000000008 0.1000055342836631
1.2020000000000008 0.1000054247048466
1.2040000000000008 0.1000053172956906
1.2060000000000008 0.1000052120132360
1.2080000000000009 0.1000051088153739
1.2100000000000009 0.1000050076608295
1.2120000000000009 0.1000049085091450
1.2140000000000009 0.1000048113206640
1.2160000000000009 0.1000047160565148
1.2180000000000009 0.1000046226785958
1.2200000000000009 0.1000045311495596
1.2220000000000009 0.1000044414327984
1.2240000000000009 0.1000043534924289
1.2260000000000009 0.1000042672932789
1.2280000000000009 0.1000041828008719
1.2300000000000009 0.1000040999814147
1.2320000000000009 0.1000040188017827
1.2340000000000009 0.1000039392295074
1.2360000000000009 0.1000038612327631
1.2380000000000009 0.1000037847803544
1.2400000000000009 0.1000037098417034
1.2420000000000009 0.1000036363868377
1.2440000000000009 0.1000035643863783
1.2460000000000009 0.1000034938115280
1.2480000000000009 0.1000034246340597
1.2500000000000009 0.1000033568263053
1.2520000000000009 0.1000032903611445
1.2540000000000009 0.1000032252119938
1.2560000000000009 0.1000031613527964
1.2580000000000009 0.1000030987580110
1.2600000000000009 0.1000030374026024
1.2620000000000009 0.1000029772620309
1.2640000000000009 0.1000029183122426
1.2660000000000009 0.1000028605296602
1.2680000000000009 0.1000028038911730
1.2700000000000009 0.1000027483741277
1.2720000000000009 0.1000026939563200
1.2740000000000009 0.1000026406159849
1.2760000000000009 0.1000025883317884
1.2780000000000009 0.1000025370828190
1.2800000000000009 0.1000024868485792
1.2820000000000009 0.1000024376089773
1.2840000000000009 0.1000023893443195
1.2860000000000009 0.1000023420353020
1.2880000000000009 0.1000022956630030
1.2900000000000009 0.1000022502088756
1.2920000000000009 0.1000022056547398
1.2940000000000009 0.1000021619827760
1.2960000000000009 0.1000021191755170
1.2980000000000009 0.1000020772158418
1.3000000000000009 0.1000020360869681
1.3020000000000009 0.1000019957724461
1.3040000000000009 0.1000019562561517
1.3060000000000009 0.1000019175222799
1.3080000000000009 0.1000018795553388
1.3100000000000009 0.1000018423401431
1.3120000000000009 0.1000018058618082
1.3140000000000009 0.1000017701057444
1.3160000000000009 0.1000017350576507
1.3180000000000009 0.1000017007035092
1.3200000000000010 0.1000016670295797
1.3220000000000010 0.1000016340223940
1.3240000000000010 0.1000016016687506
1.3260000000000010 0.1000015699557094
1.3280000000000010 0.1000015388705863
1.3300000000000010 0.1000015084009487
1.3320000000000010 0.1000014785346099
1.3340000000000010 0.1000014492596246
1.3360000000000010 0.1000014205642841
1.3380000000000010 0.1000013924371113
1.3400000000000010 0.1000013648668565
1.3420000000000010 0.1000013378424927
1.3440000000000010 0.1000013113532113
1.3460000000000010 0.1000012853884178
1.3480000000000010 0.1000012599377271
1.3500000000000010 0.1000012349909601
1.3520000000000010 0.1000012105381391
1.3540000000000010 0.1000011865694839
1.3560000000000010 0.1000011630754082
1.3580000000000010 0.1000011400465151
1.3600000000000010 0.1000011174735941
1.3620000000000010 0.1000010953476169
1.3640000000000010 0.1000010736597341
1.3660000000000010 0.1000010524012714
1.3680000000000010 0.1000010315637262
1.3700000000000010 0.1000010111387644
1.3720000000000010 0.1000009911182169
1.3740000000000010 0.1000009714940762
1.3760000000000010 0.1000009522584935
1.3780000000000010 0.1000009334037753
1.3800000000000010 0.1000009149223805
1.3820000000000010 0.1000008968069174
1.3840000000000010 0.1000008790501404
1.3860000000000010 0.1000008616449477
1.3880000000000010 0.1000008445843777
1.3900000000000010 0.1000008278616070
1.3920000000000010 0.1000008114699472
1.3940000000000010 0.1000007954028422
1.3960000000000010 0.1000007796538660
1.3980000000000010 0.1000007642167194
1.4000000000000010 0.1000007490852284
1.4020000000000010 0.1000007342533409
1.4040000000000010 0.1000007197151247
1.4060000000000010 0.1000007054647652
1.4080000000000010 0.1000006914965629
1.4100000000000010 0.1000006778049310
1.4120000000000010 0.1000006643843933
1.4140000000000010 0.1000006512295823
1.4160000000000010 0.1000006383352366
1.4180000000000010 0.1000006256961989
1.4200000000000010 0.1000006133074142
1.4220000000000010 0.1000006011639274
1.4240000000000010 0.1000005892608816
1.4260000000000010 0.1000005775935162
1.4280000000000010 0.1000005661571645
1.4300000000000010 0.1000005549472527
1.4320000000000010 0.1000005439592971
1.4340000000000011 0.1000005331889030
1.4360000000000011 0.1000005226317627
1.4380000000000011 0.1000005122836538
1.4400000000000011 0.1000005021404375
1.4420000000000011 0.1000004921980568
1.4440000000000011 0.1000004824525353
1.4460000000000011 0.1000004728999751
1.4480000000000011 0.1000004635365556
1.4500000000000011 0.1000004543585318
1.4520000000000011 0.1000004453622328
1.4540000000000011 0.1000004365440606
1.4560000000000011 0.1000004279004882
1.4580000000000011 0.1000004194280586
1.4600000000000011 0.1000004111233830
1.4620000000000011 0.1000004029831400
1.4640000000000011 0.1000003950040739
1.4660000000000011 0.1000003871829932
1.4680000000000011 0.1000003795167699
1.4700000000000011 0.1000003720023379
1.4720000000000011 0.1000003646366916
1.4740000000000011 0.1000003574168851
1.4760000000000011 0.1000003503400308
1.4780000000000011 0.1000003434032982
1.4800000000000011 0.1000003366039129
1.4820000000000011 0.1000003299391554
1.4840000000000011 0.1000003234063601
1.4860000000000011 0.1000003170029142
1.4880000000000011 0.1000003107262565
1.4900000000000011 0.1000003045738766
1.4920000000000011 0.1000002985433139
1.4940000000000011 0.1000002926321562
1.4960000000000011 0.1000002868380395
1.4980000000000011 0.1000002811586464
1.5000000000000011 0.1000002755917052
1.5020000000000011 0.1000002701349894
1.5040000000000011 0.1000002647863166
1.5060000000000011 0.1000002595435475
1.5080000000000011 0.1000002544045853
1.5100000000000011 0.1000002493673745
1.5120000000000011 0.1000002444299005
1.5140000000000011 0.1000002395901885
1.5160000000000011 0.1000002348463027
1.5180000000000011 0.1000002301963459
1.5200000000000011 0.1000002256384583
1.5220000000000011 0.1000002211708168
1.5240000000000011 0.1000002167916346
1.5260000000000011 0.1000002124991603
1.5280000000000011 0.1000002082916769
1.5300000000000011 0.1000002041675017
1.5320000000000011 0.1000002001249852
1.5340000000000011 0.1000001961625105
1.5360000000000011 0.1000001922784928
1.5380000000000011 0.1000001884713786
1.5400000000000011 0.1000001847396453
1.5420000000000011 0.1000001810818003
1.5440000000000011 0.1000001774963807
1.5460000000000012 0.1000001739819524
1.5480000000000012 0.1000001705371097
1.5500000000000012 0.1000001671604749
1.5520000000000012 0.1000001638506975
1.5540000000000012 0.1000001606064537
1.5560000000000012 0.1000001574264459
1.5580000000000012 0.1000001543094023
1.5600000000000012 0.1000001512540761
1.5620000000000012 0.1000001482592454
1.5640000000000012 0.1000001453237124
1.5660000000000012 0.1000001424463029
1.5680000000000012 0.1000001396258661
1.5700000000000012 0.1000001368612739
1.5720000000000012 0.1000001341514207
1.5740000000000012 0.1000001314952226
1.5760000000000012 0.1000001288916172
1.5780000000000012 0.1000001263395631
1.5800000000000012 0.1000001238380398
1.5820000000000012 0.1000001213860466
1.5840000000000012 0.1000001189826029
1.5860000000000012 0.1000001166267473
1.5880000000000012 0.1000001143175377
1.5900000000000012 0.1000001120540505
1.5920000000000012 0.1000001098353803
1.5940000000000012 0.1000001076606398
1.5960000000000012 0.1000001055289591
1.5980000000000012 0.1000001034394857
1.6000000000000012 0.1000001013913839
1.6020000000000012 0.1000000993838345
1.6040000000000012 0.1000000974160346
1.6060000000000012 0.1000000954871971
1.6080000000000012 0.1000000935965506
1.6100000000000012 0.1000000917433389
1.6120000000000012 0.1000000899268208
1.6140000000000012 0.1000000881462697
1.6160000000000012 0.1000000864009736
1.6180000000000012 0.1000000846902343
1.6200000000000012 0.1000000830133677
1.6220000000000012 0.1000000813697030
1.6240000000000012 0.1000000797585829
1.6260000000000012 0.1000000781793629
1.6280000000000012 0.1000000766314115
1.6300000000000012 0.1000000751141096
1.6320000000000012 0.1000000736268502
1.6340000000000012 0.1000000721690386
1.6360000000000012 0.1000000707400916
1.6380000000000012 0.1000000693394378
1.6400000000000012 0.1000000679665169
1.6420000000000012 0.1000000666207799
1.6440000000000012 0.1000000653016885
1.6460000000000012 0.1000000640087150
1.6480000000000012 0.1000000627413425
1.6500000000000012 0.1000000614990639
1.6520000000000012 0.1000000602813824
1.6540000000000012 0.1000000590878110
1.6560000000000012 0.1000000579178724
1.6580000000000013 0.1000000567710985
1.6600000000000013 0.1000000556470308
1.6620000000000013 0.1000000545452195
1.6640000000000013 0.1000000534652242
1.6660000000000013 0.1000000524066128
1.6680000000000013 0.1000000513689618
1.6700000000000013 0.1000000503518564
1.6720000000000013 0.1000000493548896
1.6740000000000013 0.1000000483776628
1.6760000000000013 0.1000000474197851
1.6780000000000013 0.1000000464808734
1.6800000000000013 0.1000000455605521
1.6820000000000013 0.1000000446584531
1.6840000000000013 0.1000000437742157
1.6860000000000013 0.1000000429074863
1.6880000000000013 0.1000000420579181
1.6900000000000013 0.1000000412251713
1.6920000000000013 0.1000000404089129
1.6940000000000013 0.1000000396088164
1.6960000000000013 0.1000000388245618
1.6980000000000013 0.1000000380558355
1.7000000000000013 0.1000000373023300
1.7020000000000013 0.1000000365637438
1.7040000000000013 0.1000000358397817
1.7060000000000013 0.1000000351301540
1.7080000000000013 0.1000000344345770
1.7100000000000013 0.1000000337527724
1.7120000000000013 0.1000000330844675
1.7140000000000013 0.1000000324293950
1.7160000000000013 0.1000000317872930
1.7180000000000013 0.1000000311579046
1.7200000000000013 0.1000000305409781
1.7220000000000013 0.1000000299362667
1.7240000000000013 0.1000000293435286
1.7260000000000013 0.1000000287625268
1.7280000000000013 0.1000000281930287
1.7300000000000013 0.1000000276348068
1.7320000000000013 0.1000000270876376
1.7340000000000013 0.1000000265513024
1.7360000000000013 0.1000000260255866
1.7380000000000013 0.1000000255102799
1.7400000000000013 0.1000000250051764
1.7420000000000013 0.1000000245100739
1.7440000000000013 0.1000000240247745
1.7460000000000013 0.1000000235490839
1.7480000000000013 0.1000000230828121
1.7500000000000013 0.1000000226257724
1.7520000000000013 0.1000000221777821
1.7540000000000013 0.1000000217386620
1.7560000000000013 0.1000000213082365
1.7580000000000013 0.1000000208863334
1.7600000000000013 0.1000000204727840
1.7620000000000013 0.1000000200674229
1.7640000000000013 0.1000000196700879
1.7660000000000013 0.1000000192806202
1.7680000000000013 0.1000000188988639
1.7700000000000014 0.1000000185246664
1.7720000000000014 0.1000000181578780
1.7740000000000014 0.1000000177983520
1.7760000000000014 0.1000000174459447
1.7780000000000014 0.1000000171005150
1.7800000000000014 0.1000000167619248
1.7820000000000014 0.1000000164300386
1.7840000000000014 0.1000000161047239
1.7860000000000014 0.1000000157858503
1.7880000000000014 0.1000000154732905
1.7900000000000014 0.1000000151669194
1.7920000000000014 0.1000000148666143
1.7940000000000014 0.1000000145722554
1.7960000000000014 0.1000000142837247
1.7980000000000014 0.1000000140009070
1.8000000000000014 0.1000000137236890
1.8020000000000014 0.1000000134519600
1.8040000000000014 0.1000000131856112
1.8060000000000014 0.1000000129245361
1.8080000000000014 0.1000000126686302
1.8100000000000014 0.1000000124177914
1.8120000000000014 0.1000000121719191
1.8140000000000014 0.1000000119309151
1.8160000000000014 0.1000000116946830
1.8180000000000014 0.1000000114631283
1.8200000000000014 0.1000000112361583
1.8220000000000014 0.1000000110136824
1.8240000000000014 0.1000000107956115
1.8260000000000014 0.1000000105818584
1.8280000000000014 0.1000000103723376
1.8300000000000014 0.1000000101669653
1.8320000000000014 0.1000000099656594
1.8340000000000014 0.1000000097683393
1.8360000000000014 0.1000000095749262
1.8380000000000014 0.1000000093853427
1.8400000000000014 0.1000000091995129
1.8420000000000014 0.1000000090173625
1.8440000000000014 0.1000000088388188
1.8460000000000014 0.1000000086638101
1.8480000000000014 0.1000000084922667
1.8500000000000014 0.1000000083241198
1.8520000000000014 0.1000000081593022
1.8540000000000014 0.1000000079977481
1.8560000000000014 0.1000000078393926
1.8580000000000014 0.1000000076841727
1.8600000000000014 0.1000000075320261
1.8620000000000014 0.1000000073828919
1.8640000000000014 0.1000000072367107
1.8660000000000014 0.1000000070934238
1.8680000000000014 0.1000000069529740
1.8700000000000014 0.1000000068153051
1.8720000000000014 0.1000000066803621
1.8740000000000014 0.1000000065480909
1.8760000000000014 0.1000000064184387
1.8780000000000014 0.1000000062913536
1.8800000000000014 0.1000000061667848
1.8820000000000014 0.1000000060446825
1.8840000000000015 0.1000000059249978
1.8860000000000015 0.1000000058076828
1.8880000000000015 0.1000000056926907
1.8900000000000015 0.1000000055799754
1.8920000000000015 0.1000000054694919
1.8940000000000015 0.1000000053611960
1.8960000000000015 0.1000000052550443
1.8980000000000015 0.1000000051509944
1.9000000000000015 0.1000000050490047
1.9020000000000015 0.1000000049490344
1.9040000000000015 0.1000000048510435
1.9060000000000015 0.1000000047549929
1.9080000000000015 0.1000000046608440
1.9100000000000015 0.1000000045685593
1.9120000000000015 0.1000000044781018
1.9140000000000015 0.1000000043894354
1.9160000000000015 0.1000000043025246
1.9180000000000015 0.1000000042173346
1.9200000000000015 0.1000000041338314
1.9220000000000015 0.1000000040519815
1.9240000000000015 0.1000000039717523
1.9260000000000015 0.1000000038931116
1.9280000000000015 0.1000000038160280
1.9300000000000015 0.1000000037404706
1.9320000000000015 0.1000000036664093
1.9340000000000015 0.1000000035938144
1.9360000000000015 0.1000000035226569
1.9380000000000015 0.1000000034529083
1.9400000000000015 0.1000000033845407
1.9420000000000015 0.1000000033175268
1.9440000000000015 0.1000000032518398
1.9460000000000015 0.1000000031874533
1.9480000000000015 0.1000000031243418
1.9500000000000015 0.1000000030624798
1.9520000000000015 0.1000000030018427
1.9540000000000015 0.1000000029424062
1.9560000000000015 0.1000000028841466
1.9580000000000015 0.1000000028270405
1.9600000000000015 0.1000000027710651
1.9620000000000015 0.1000000027161980
1.9640000000000015 0.1000000026624173
1.9660000000000015 0.1000000026097014
1.9680000000000015 0.1000000025580293
1.9700000000000015 0.1000000025073803
1.9720000000000015 0.1000000024577342
1.9740000000000015 0.1000000024090711
1.9760000000000015 0.1000000023613715
1.9780000000000015 0.1000000023146163
1.9800000000000015 0.1000000022687869
1.9820000000000015 0.1000000022238649
1.9840000000000015 0.1000000021798324
1.9860000000000015 0.1000000021366717
1.9880000000000015 0.1000000020943656
1.9900000000000015 0.1000000020528972
1.9920000000000015 0.1000000020122498
1.9940000000000015 0.1000000019724073
1.9960000000000016 0.1000000019333536
1.9980000000000016 0.1000000018950732
2.0000000000000013 0.1000000018575507
2.0020000000000011 0.1000000018207712
2.0040000000000009 0.1000000017847200
2.0060000000000007 0.1000000017493825
2.0080000000000005 0.1000000017147447
2.0100000000000002 0.1000000016807928
2.0120000000000000 0.1000000016475131
2.0139999999999998 0.1000000016148923
2.0159999999999996 0.1000000015829175
2.0179999999999993 0.1000000015515757
2.0199999999999991 0.1000000015208545
2.0219999999999989 0.1000000014907416
2.0239999999999987 0.1000000014612249
2.0259999999999985 0.1000000014322926
2.0279999999999982 0.1000000014039332
2.0299999999999980 0.1000000013761354
2.0319999999999978 0.1000000013488879
2.0339999999999976 0.1000000013221799
2.0359999999999974 0.1000000012960007
2.0379999999999971 0.1000000012703399
2.0399999999999969 0.1000000012451872
2.0419999999999967 0.1000000012205325
2.0439999999999965 0.1000000011963659
2.0459999999999963 0.1000000011726779
2.0479999999999960 0.1000000011494589
2.0499999999999958 0.1000000011266996
2.0519999999999956 0.1000000011043909
2.0539999999999954 0.1000000010825240
2.0559999999999952 0.1000000010610900
2.0579999999999949 0.1000000010400804
2.0599999999999947 0.1000000010194868
2.0619999999999945 0.1000000009993010
2.0639999999999943 0.1000000009795148
2.0659999999999941 0.1000000009601204
2.0679999999999938 0.1000000009411101
2.0699999999999936 0.1000000009224761
2.0719999999999934 0.1000000009042110
2.0739999999999932 0.1000000008863077
2.0759999999999930 0.1000000008687588
2.0779999999999927 0.1000000008515574
2.0799999999999925 0.1000000008346965
2.0819999999999923 0.1000000008181695
2.0839999999999921 0.1000000008019698
2.0859999999999919 0.1000000007860908
2.0879999999999916 0.1000000007705262
2.0899999999999914 0.1000000007552698
2.0919999999999912 0.1000000007403154
2.0939999999999910 0.1000000007256572
2.0959999999999908 0.1000000007112892
2.0979999999999905 0.1000000006972056
2.0999999999999903 0.1000000006834010
2.1019999999999901 0.1000000006698696
2.1039999999999899 0.1000000006566062
2.1059999999999897 0.1000000006436054
2.1079999999999894 0.1000000006308620
2.1099999999999892 0.1000000006183710
2.1119999999999890 0.1000000006061272
2.1139999999999888 0.1000000005941259
2.1159999999999886 0.1000000005823622
2.1179999999999883 0.1000000005708314
2.1199999999999881 0.1000000005595290
2.1219999999999879 0.1000000005484503
2.1239999999999877 0.1000000005375910
2.1259999999999875 0.1000000005269467
2.1279999999999872 0.1000000005165131
2.1299999999999870 0.1000000005062862
2.1319999999999868 0.1000000004962617
2.1339999999999866 0.1000000004864357
2.1359999999999864 0.1000000004768043
2.1379999999999861 0.1000000004673636
2.1399999999999859 0.1000000004581098
2.1419999999999857 0.1000000004490392
2.1439999999999855 0.1000000004401482
2.1459999999999853 0.1000000004314333
2.1479999999999850 0.1000000004228909
2.1499999999999848 0.1000000004145177
2.1519999999999846 0.1000000004063102
2.1539999999999844 0.1000000003982653
2.1559999999999842 0.1000000003903796
2.1579999999999839 0.1000000003826501
2.1599999999999837 0.1000000003750737
2.1619999999999835 0.1000000003676472
2.1639999999999833 0.1000000003603678
2.1659999999999831 0.1000000003532325
2.1679999999999828 0.1000000003462385
2.1699999999999826 0.1000000003393830
2.1719999999999824 0.1000000003326632
2.1739999999999822 0.1000000003260765
2.1759999999999819 0.1000000003196202
2.1779999999999817 0.1000000003132917
2.1799999999999815 0.1000000003070885
2.1819999999999813 0.1000000003010082
2.1839999999999811 0.1000000002950482
2.1859999999999808 0.1000000002892062
2.1879999999999806 0.1000000002834800
2.1899999999999804 0.1000000002778671
2.1919999999999802 0.1000000002723653
2.1939999999999800 0.1000000002669725
2.1959999999999797 0.1000000002616864
2.1979999999999795 0.1000000002565050
2.1999999999999793 0.1000000002514262
2.2019999999999791 0.1000000002464480
2.2039999999999789 0.1000000002415683
2.2059999999999786 0.1000000002367853
2.2079999999999784 0.1000000002320969
2.2099999999999782 0.1000000002275014
2.2119999999999780 0.1000000002229969
2.2139999999999778 0.1000000002185815
2.2159999999999775 0.1000000002142536
2.2179999999999773 0.1000000002100114
2.2199999999999771 0.1000000002058532
2.2219999999999769 0.1000000002017773
2.2239999999999767 0.1000000001977821
2.2259999999999764 0.1000000001938660
2.2279999999999762 0.1000000001900275
2.2299999999999760 0.1000000001862649
2.2319999999999758 0.1000000001825769
2.2339999999999756 0.1000000001789618
2.2359999999999753 0.1000000001754184
2.2379999999999751 0.1000000001719451
2.2399999999999749 0.1000000001685406
2.2419999999999747 0.1000000001652035
2.2439999999999745 0.1000000001619325
2.2459999999999742 0.1000000001587262
2.2479999999999740 0.1000000001555834
2.2499999999999738 0.1000000001525029
2.2519999999999736 0.1000000001494833
2.2539999999999734 0.1000000001465235
2.2559999999999731 0.1000000001436224
2.2579999999999729 0.1000000001407787
2.2599999999999727 0.1000000001379912
2.2619999999999725 0.1000000001352590
2.2639999999999723 0.1000000001325809
2.2659999999999720 0.1000000001299558
2.2679999999999718 0.1000000001273827
2.2699999999999716 0.1000000001248605
2.2719999999999714 0.1000000001223883
2.2739999999999712 0.1000000001199650
2.2759999999999709 0.1000000001175897
2.2779999999999707 0.1000000001152614
2.2799999999999705 0.1000000001129792
2.2819999999999703 0.1000000001107422
2.2839999999999701 0.1000000001085495
2.2859999999999698 0.1000000001064003
2.2879999999999696 0.1000000001042935
2.2899999999999694 0.1000000001022285
2.2919999999999692 0.1000000001002044
2.2939999999999690 0.1000000000982203
2.2959999999999687 0.1000000000962756
2.2979999999999685 0.1000000000943693
2.2999999999999683 0.1000000000925008
2.3019999999999681 0.1000000000906693
2.3039999999999679 0.1000000000888740
2.3059999999999676 0.1000000000871143
2.3079999999999674 0.1000000000853895
2.3099999999999672 0.1000000000836987
2.3119999999999670 0.1000000000820415
2.3139999999999668 0.1000000000804171
2.3159999999999665 0.1000000000788248
2.3179999999999663 0.1000000000772641
2.3199999999999661 0.1000000000757343
2.3219999999999659 0.1000000000742347
2.3239999999999656 0.1000000000727649
2.3259999999999654 0.1000000000713241
2.3279999999999652 0.1000000000699119
2.3299999999999650 0.1000000000685276
2.3319999999999648 0.1000000000671708
2.3339999999999645 0.1000000000658408
2.3359999999999643 0.1000000000645372
2.3379999999999641 0.1000000000632593
2.3399999999999639 0.1000000000620068
2.3419999999999637 0.1000000000607791
2.3439999999999634 0.1000000000595756
2.3459999999999632 0.1000000000583960
2.3479999999999630 0.1000000000572398
2.3499999999999628 0.1000000000561064
2.3519999999999626 0.1000000000549955
2.3539999999999623 0.1000000000539066
2.3559999999999621 0.1000000000528393
2.3579999999999619 0.1000000000517931
2.3599999999999617 0.1000000000507676
2.3619999999999615 0.1000000000497624
2.3639999999999612 0.1000000000487771
2.3659999999999610 0.1000000000478113
2.3679999999999608 0.1000000000468646
2.3699999999999606 0.1000000000459367
2.3719999999999604 0.1000000000450272
2.3739999999999601 0.1000000000441356
2.3759999999999599 0.1000000000432617
2.3779999999999597 0.1000000000424052
2.3799999999999595 0.1000000000415655
2.3819999999999593 0.1000000000407425
2.3839999999999590 0.1000000000399358
2.3859999999999588 0.1000000000391451
2.3879999999999586 0.1000000000383700
2.3899999999999584 0.1000000000376103
2.3919999999999582 0.1000000000368656
2.3939999999999579 0.1000000000361357
2.3959999999999577 0.1000000000354202
2.3979999999999575 0.1000000000347189
2.3999999999999573 0.1000000000340314
2.4019999999999571 0.1000000000333576
2.4039999999999568 0.1000000000326971
2.4059999999999566 0.1000000000320497
2.4079999999999564 0.1000000000314152
2.4099999999999562 0.1000000000307931
2.4119999999999560 0.1000000000301834
2.4139999999999557 0.1000000000295858
2.4159999999999555 0.1000000000290000
2.4179999999999553 0.1000000000284258
2.4199999999999551 0.1000000000278630
2.4219999999999549 0.1000000000273113
2.4239999999999546 0.1000000000267705
2.4259999999999544 0.1000000000262405
2.4279999999999542 0.1000000000257209
2.4299999999999540 0.1000000000252116
2.4319999999999538 0.1000000000247125
2.4339999999999535 0.1000000000242232
2.4359999999999533 0.1000000000237435
2.4379999999999531 0.1000000000232734
2.4399999999999529 0.1000000000228126
2.4419999999999527 0.1000000000223609
2.4439999999999524 0.1000000000219182
2.4459999999999522 0.1000000000214842
2.4479999999999520 0.1000000000210588
2.4499999999999518 0.1000000000206418
2.4519999999999516 0.1000000000202331
2.4539999999999513 0.1000000000198325
2.4559999999999511 0.1000000000194398
2.4579999999999509 0.1000000000190549
2.4599999999999507 0.1000000000186776
2.4619999999999505 0.1000000000183078
2.4639999999999502 0.1000000000179453
2.4659999999999500 0.1000000000175900
2.4679999999999498 0.1000000000172417
2.4699999999999496 0.1000000000169003
2.4719999999999493 0.1000000000165657
2.4739999999999491 0.1000000000162377
2.4759999999999489 0.1000000000159162
2.4779999999999487 0.1000000000156011
2.4799999999999485 0.1000000000152922
2.4819999999999482 0.1000000000149894
2.4839999999999480 0.1000000000146926
2.4859999999999478 0.1000000000144017
2.4879999999999476 0.1000000000141165
2.4899999999999474 0.1000000000138370
2.4919999999999471 0.1000000000135630
2.4939999999999469 0.1000000000132945
2.4959999999999467 0.1000000000130313
2.4979999999999465 0.1000000000127732
2.4999999999999463 0.1000000000125203
2.5019999999999460 0.1000000000122724
2.5039999999999458 0.1000000000120294
2.5059999999999456 0.1000000000117913
2.5079999999999454 0.1000000000115578
2.5099999999999452 0.1000000000113289
2.5119999999999449 0.1000000000111046
2.5139999999999447 0.1000000000108848
2.5159999999999445 0.1000000000106692
2.5179999999999443 0.1000000000104580
2.5199999999999441 0.1000000000102509
2.5219999999999438 0.1000000000100480
2.5239999999999436 0.1000000000098490
2.5259999999999434 0.1000000000096540
2.5279999999999432 0.1000000000094629
2.5299999999999430 0.1000000000092755
2.5319999999999427 0.1000000000090918
2.5339999999999425 0.1000000000089118
2.5359999999999423 0.1000000000087354
2.5379999999999421 0.1000000000085624
2.5399999999999419 0.1000000000083929
2.5419999999999416 0.1000000000082267
2.5439999999999414 0.1000000000080638
2.5459999999999412 0.1000000000079041
2.5479999999999410 0.1000000000077476
2.5499999999999408 0.1000000000075942
2.5519999999999405 0.1000000000074439
2.5539999999999403 0.1000000000072965
2.5559999999999401 0.1000000000071520
2.5579999999999399 0.1000000000070104
2.5599999999999397 0.1000000000068716
2.5619999999999394 0.1000000000067355
2.5639999999999392 0.1000000000066022
2.5659999999999390 0.1000000000064715
2.5679999999999388 0.1000000000063433
2.5699999999999386 0.1000000000062177
2.5719999999999383 0.1000000000060946
2.5739999999999381 0.1000000000059739
2.5759999999999379 0.1000000000058557
2.5779999999999377 0.1000000000057397
2.5799999999999375 0.1000000000056261
2.5819999999999372 0.1000000000055147
2.5839999999999370 0.1000000000054055
2.5859999999999368 0.1000000000052985
2.5879999999999366 0.1000000000051935
2.5899999999999364 0.1000000000050907
2.5919999999999361 0.1000000000049899
2.5939999999999359 0.1000000000048911
2.5959999999999357 0.1000000000047943
2.5979999999999355 0.1000000000046994
2.5999999999999353 0.1000000000046063
2.6019999999999350 0.1000000000045151
2.6039999999999348 0.1000000000044257
2.6059999999999346 0.1000000000043381
2.6079999999999344 0.1000000000042522
2.6099999999999342 0.1000000000041680
2.6119999999999339 0.1000000000040855
2.6139999999999337 0.1000000000040046
2.6159999999999335 0.1000000000039253
2.6179999999999333 0.1000000000038476
2.6199999999999330 0.1000000000037714
2.6219999999999328 0.1000000000036967
2.6239999999999326 0.1000000000036235
2.6259999999999324 0.1000000000035518
2.6279999999999322 0.1000000000034815
2.6299999999999319 0.1000000000034125
2.6319999999999317 0.1000000000033450
2.6339999999999315 0.1000000000032787
2.6359999999999313 0.1000000000032138
2.6379999999999311 0.1000000000031502
2.6399999999999308 0.1000000000030878
2.6419999999999306 0.1000000000030267
2.6439999999999304 0.1000000000029667
2.6459999999999302 0.1000000000029080
2.6479999999999300 0.1000000000028504
2.6499999999999297 0.1000000000027940
2.6519999999999295 0.1000000000027387
2.6539999999999293 0.1000000000026844
2.6559999999999291 0.1000000000026313
2.6579999999999289 0.1000000000025792
2.6599999999999286 0.1000000000025281
2.6619999999999284 0.1000000000024781
2.6639999999999282 0.1000000000024290
2.6659999999999280 0.1000000000023809
2.6679999999999278 0.1000000000023337
2.6699999999999275 0.1000000000022875
2.6719999999999273 0.1000000000022422
2.6739999999999271 0.1000000000021978
2.6759999999999269 0.1000000000021543
2.6779999999999267 0.1000000000021117
2.6799999999999264 0.1000000000020698
2.6819999999999262 0.1000000000020289
2.6839999999999260 0.1000000000019887
2.6859999999999258 0.1000000000019493
2.6879999999999256 0.1000000000019107
2.6899999999999253 0.1000000000018729
2.6919999999999251 0.1000000000018358
2.6939999999999249 0.1000000000017995
2.6959999999999247 0.1000000000017638
2.6979999999999245 0.1000000000017289
2.6999999999999242 0.1000000000016947
2.7019999999999240 0.1000000000016611
2.7039999999999238 0.1000000000016282
2.7059999999999236 0.1000000000015960
2.7079999999999234 0.1000000000015644
2.7099999999999231 0.1000000000015334
2.7119999999999229 0.1000000000015031
2.7139999999999227 0.1000000000014733
2.7159999999999225 0.1000000000014441
2.7179999999999223 0.1000000000014155
2.7199999999999220 0.1000000000013875
2.7219999999999218 0.1000000000013600
2.7239999999999216 0.1000000000013331
2.7259999999999214 0.1000000000013067
2.7279999999999212 0.1000000000012808
2.7299999999999209 0.1000000000012555
2.7319999999999207 0.1000000000012306
2.7339999999999205 0.1000000000012063
2.7359999999999203 0.1000000000011824
2.7379999999999201 0.1000000000011590
2.7399999999999198 0.1000000000011360
2.7419999999999196 0.1000000000011135
2.7439999999999194 0.1000000000010915
2.7459999999999192 0.1000000000010699
2.7479999999999190 0.1000000000010487
2.7499999999999187 0.1000000000010279
2.7519999999999185 0.1000000000010076
2.7539999999999183 0.1000000000009876
2.7559999999999181 0.1000000000009681
2.7579999999999179 0.1000000000009489
2.7599999999999176 0.1000000000009301
2.7619999999999174 0.1000000000009117
2.7639999999999172 0.1000000000008936
2.7659999999999170 0.1000000000008759
2.7679999999999167 0.1000000000008586
2.7699999999999165 0.1000000000008416
2.7719999999999163 0.1000000000008249
2.7739999999999161 0.1000000000008086
2.7759999999999159 0.1000000000007926
2.7779999999999156 0.1000000000007769
2.7799999999999154 0.1000000000007615
2.7819999999999152 0.1000000000007464
2.7839999999999150 0.1000000000007316
2.7859999999999148 0.1000000000007172
2.7879999999999145 0.1000000000007030
2.7899999999999143 0.1000000000006890
2.7919999999999141 0.1000000000006754
2.7939999999999139 0.1000000000006620
2.7959999999999137 0.1000000000006489
2.7979999999999134 0.1000000000006361
2.7999999999999132 0.1000000000006235
2.8019999999999130 0.1000000000006111
2.8039999999999128 0.1000000000005990
2.8059999999999126 0.1000000000005871
2.8079999999999123 0.1000000000005755
2.8099999999999121 0.1000000000005641
2.8119999999999119 0.1000000000005530
2.8139999999999117 0.1000000000005420
2.8159999999999115 0.1000000000005313
2.8179999999999112 0.1000000000005208
2.8199999999999110 0.1000000000005104
2.8219999999999108 0.1000000000005003
2.8239999999999106 0.1000000000004904
2.8259999999999104 0.1000000000004807
2.8279999999999101 0.1000000000004712
2.8299999999999099 0.1000000000004619
2.8319999999999097 0.1000000000004527
2.8339999999999095 0.1000000000004438
2.8359999999999093 0.1000000000004350
2.8379999999999090 0.1000000000004264
2.8399999999999088 0.1000000000004179
2.8419999999999086 0.1000000000004097
2.8439999999999084 0.1000000000004015
2.8459999999999082 0.1000000000003936
2.8479999999999079 0.1000000000003858
2.8499999999999077 0.1000000000003782
2.8519999999999075 0.1000000000003707
2.8539999999999073 0.1000000000003633
2.8559999999999071 0.1000000000003561
2.8579999999999068 0.1000000000003491
2.8599999999999066 0.1000000000003422
2.8619999999999064 0.1000000000003354
2.8639999999999062 0.1000000000003288
2.8659999999999060 0.1000000000003222
2.8679999999999057 0.1000000000003159
2.8699999999999055 0.1000000000003096
2.8719999999999053 0.1000000000003035
2.8739999999999051 0.1000000000002975
2.8759999999999049 0.1000000000002916
2.8779999999999046 0.1000000000002858
2.8799999999999044 0.1000000000002801
2.8819999999999042 0.1000000000002746
2.8839999999999040 0.1000000000002692
2.8859999999999038 0.1000000000002638
2.8879999999999035 0.1000000000002586
2.8899999999999033 0.1000000000002535
2.8919999999999031 0.1000000000002485
2.8939999999999029 0.1000000000002435
2.8959999999999027 0.1000000000002387
2.8979999999999024 0.1000000000002340
2.8999999999999022 0.1000000000002294
2.9019999999999020 0.1000000000002248
2.9039999999999018 0.1000000000002204
2.9059999999999016 0.1000000000002160
2.9079999999999013 0.1000000000002117
2.9099999999999011 0.1000000000002075
2.9119999999999009 0.1000000000002034
2.9139999999999007 0.1000000000001994
2.9159999999999004 0.1000000000001955
2.9179999999999002 0.1000000000001916
2.9199999999999000 0.1000000000001878
2.9219999999998998 0.1000000000001841
2.9239999999998996 0.1000000000001804
2.9259999999998993 0.1000000000001769
2.9279999999998991 0.1000000000001734
2.9299999999998989 0.1000000000001699
2.9319999999998987 0.1000000000001666
2.9339999999998985 0.1000000000001633
2.9359999999998982 0.1000000000001600
2.9379999999998980 0.1000000000001569
2.9399999999998978 0.1000000000001538
2.9419999999998976 0.1000000000001507
2.9439999999998974 0.1000000000001477
2.9459999999998971 0.1000000000001448
2.9479999999998969 0.1000000000001419
2.9499999999998967 0.1000000000001391
2.9519999999998965 0.1000000000001364
2.9539999999998963 0.1000000000001337
2.9559999999998960 0.1000000000001310
2.9579999999998958 0.1000000000001284
2.9599999999998956 0.1000000000001259
2.9619999999998954 0.1000000000001234
2.9639999999998952 0.1000000000001210
2.9659999999998949 0.1000000000001185
2.9679999999998947 0.1000000000001162
2.9699999999998945 0.1000000000001139
2.9719999999998943 0.1000000000001116
2.9739999999998941 0.1000000000001094
2.9759999999998938 0.1000000000001073
2.9779999999998936 0.1000000000001051
2.9799999999998934 0.1000000000001031
2.9819999999998932 0.1000000000001010
2.9839999999998930 0.1000000000000990
2.9859999999998927 0.1000000000000971
2.9879999999998925 0.1000000000000952
2.9899999999998923 0.1000000000000933
2.9919999999998921 0.1000000000000914
2.9939999999998919 0.1000000000000896
2.9959999999998916 0.1000000000000878
2.9979999999998914 0.1000000000000861
2.9999999999998912 0.1000000000000844
3.0019999999998910 0.1000000000000827
