0.0000000000000000 1.0000000000000000
0.2000000000000000 1.0000000000000000
0.4000000000000000 1.0000000000000000
0.6000000000000001 1.0000000000000000
0.8000000000000000 1.0000000000000000
1.0000000000000000 1.0000000000000000
1.2000000000000000 1.0000000000000000
1.3999999999999999 1.0000000000000000
1.5999999999999999 1.0000000000000000
1.7999999999999998 1.0000000000000000
1.9999999999999998 1.0000000000000000
2.1999999999999997 1.0000000000000000
2.3999999999999999 1.0000000000000000
2.6000000000000001 1.0000000000000000
2.8000000000000003 1.0000000000000000
3.0000000000000004 1.0000000000000000
