-3213.7739687962825883
-1605.2612581269445400
-1068.3604769110186226
-799.3356271430485549
-637.4589679851203528
-529.1798678740534569
-451.5222211111259298
-392.9604680200069993
-347.2382732102512364
-310.3315133190020561
-279.9537999828292527
-254.3517080496503127
-232.9479988599260309
-214.0065717663652265
-197.4435652968675186
-183.0928599861095449
-170.0534560857311135
-158.2410782871393735
-147.7545695196671147
-138.2163951010609821
-129.2375571118912205
-121.0957933236165900
-113.7587336891610477
-106.8129422805599233
-100.1690410091688648
-93.8537041705082231
-87.9190121860296898
-82.4230263466328097
-77.3922786974449508
-72.5458651929536273
-67.6557238186371990
-62.8841810347614469
-58.6573430436281242
-54.4323655822042340
-50.2381090813088278
-46.3380183897478304
-42.4595142752925270
-38.7161799624326619
-35.0940497802877260
-31.4901562100055799
-27.9607729671541101
-24.6031418409084459
-21.1976887235966593
-17.8337015456220236
-14.5754299279625705
-11.3636202927509480
-8.0616542089181227
-4.9393767836350033
-1.6476569293424694
1.3581675798425503
4.7403922869808284
7.7460087713772579
11.0377788423898195
14.1599426763361951
17.4617309914375980
20.6732561662923828
23.9313628980999304
27.2952809428620533
30.7002546272464052
34.0576764197981916
37.5869478942467694
41.1903474614266614
44.8126093865570709
48.5550673363698024
52.4341745092222098
56.3332932854335482
60.5276413424741833
64.7526962331229612
68.9787660711237862
73.7503760565237201
78.6406722386587518
83.4867165282824431
88.5170724629399075
94.0129372213470447
99.9476111944616008
106.2628728381280609
112.9066357713038258
119.8523044253404777
127.1892867232208602
135.3310886017794701
144.3098508841778767
153.8477869440350503
164.3344165898610925
176.1467093637927519
189.1860009900549642
203.5366241089084269
220.0997463851134910
239.0411071998581178
260.4446902317145032
286.0466821088999154
316.4244739728837885
353.3312228930381025
399.0533100062452831
457.6150405300682564
535.2727292115743012
643.5518062449821173
805.4284591480995914
1074.4532905285632296
1611.3540677847879579
3219.8667762105296788
