-3084.01
-1328.45
-574.084
-14.1873
-7.60809
-7.45213
-7.35023
-7.27718
-7.22177
-7.17807
-0.859403
-0.829924
-0.804979
-0.783544
-0.764885
-0.74846
-0.733859
-0.720769
-0.708942
-0.698183
-0.688335
-0.679267
-0.670876
-0.663073
-0.655783
-0.648946
-0.642507
-0.636422
-0.63065
-0.625158
-0.619915
-0.614896
-0.610077
-0.605438
-0.60096
-0.596627
-0.592423
-0.588335
-0.58435
-0.580458
-0.576648
-0.572909
-0.569234
-0.565612
-0.562037
-0.5585
5.72819
5.73167
5.73514
5.73859
5.74204
5.7455
5.74896
5.75245
5.75595
5.75949
5.76306
5.76668
5.77036
5.7741
5.77791
5.7818
5.78579
5.78988
5.79408
5.79841
5.80289
5.80753
5.81235
5.81737
5.82261
5.82811
5.83388
5.83997
5.84641
5.85325
5.86054
5.86834
5.87673
5.8858
5.89566
5.90642
5.91825
5.93134
5.94595
5.96238
5.98105
6.00249
12.3106
12.3401
12.3756
12.4194
12.4748
12.5479
12.6499
19.0893
19.3856
579.284
1333.69
3089.59
