-3209.0441395613979694
-1596.1564819523873666
-1054.7166964649259171
-781.5099081349569587
-614.6941230213799372
-501.2957282575414411
-419.0582335789079593
-355.5454411344374535
-305.5848724369600973
-261.4450282968081751
-224.0305019675768108
-191.7627804927701050
-161.1150339587275937
-131.0581837913346135
-100.6403479084165582
-67.1693036204561764
-22.9627039779381548
-22.7791030311459863
-16.3769543274142286
-16.2859277039738117
-16.2115881393366728
-16.1485469751571671
-16.0937247232461793
-9.7619848587406928
-9.7183727215195042
-9.6787563369432768
-9.6424330167112053
-9.6088651291199785
-9.5776310915095486
-9.5483935019628223
-3.2376923090567189
-3.2116710363136782
-3.1869541935944432
-3.1633806294069875
-3.1408123320937067
-3.1191299431182244
-3.0982292849746469
-3.0780186348471315
-3.0584165549145190
-3.0393501437818813
-3.0207536102456762
-3.0025670962193414
-2.9847356938032510
3.3159766926494787
3.3332468288767876
3.3503046106753334
3.3671923782771058
3.3839507093958194
3.4006188616201785
3.4172351830391681
3.4338375013567450
3.4504635007962143
3.4671510955579690
3.4839388084394041
3.5008661634413447
3.5179741017858306
3.5353054317982990
3.5529053246375621
3.5708218700047309
3.5891067088962711
9.8910010716089314
9.9101954042873732
9.9299422252944964
9.9503161112213689
9.9714004771343987
9.9932893836460615
10.0160897800936475
10.0399243237831808
10.0649349704105884
10.0912876127394231
10.1191781691636340
16.4320260250006278
16.4637438900717576
16.4978651016183981
16.5348245345705571
16.5751766188803344
16.6196455088060802
16.6692056181288031
23.0084037874865643
23.0728684084364346
23.1489273513241507
23.2420511569519910
29.6467754817957534
29.8335167198278981
74.0313936728941115
107.0349938680001003
137.7958683571947347
167.8958774123092610
198.3600689625190796
230.8055259646310162
268.1141572340185348
311.7669113187688481
361.8408167720020288
425.5753098701829344
507.7618129232947695
621.0652258830978099
787.5846246119020861
1061.0823996543235808
1602.2871769571570439
3215.2112554012815053
