-3189.8
-1557.99
-995.712
-700.613
-507.318
-362.208
-235.292
-59.1482
-14.805
-14.6337
-14.5159
-14.4265
-8.07176
-8.01264
-7.96261
-7.9195
-7.88181
-7.84846
-7.81865
-7.79177
-1.48416
-1.4618
-1.44123
-1.42217
-1.40445
-1.38787
-1.37231
-1.35764
-1.34376
-1.33057
-1.31801
-1.306
-1.29448
-1.28341
-1.27273
-1.26241
-1.2524
-1.24268
-1.23321
-1.22396
-1.21492
-1.20604
-1.19732
-1.18873
5.10293
5.11132
5.11963
5.12788
5.1361
5.14429
5.15247
5.16066
5.16888
5.17714
5.18546
5.19386
5.20235
5.21095
5.21969
5.22858
5.23765
5.24692
5.25642
5.26618
5.27622
5.28658
5.2973
5.30843
5.32
5.33207
5.34471
5.35797
5.37194
5.38671
11.6856
11.7023
11.7201
11.7394
11.7601
11.7827
11.8074
11.8346
11.8647
11.8985
11.9367
11.9805
18.3145
18.3747
18.4476
18.5389
18.6593
25.1177
63.1891
239.387
366.923
512.941
705.331
1001.52
1563.92
3195.9
