1.0000000000000000 0.0622849770798819
1.1000000000000001 0.0620682730559690
1.2000000000000002 0.0618062486777011
1.3000000000000003 0.0614838383962947
1.4000000000000004 0.0611031469956865
1.5000000000000004 0.0608889671064027
1.6000000000000005 0.0619199314730908
1.7000000000000006 0.0652979005276741
1.8000000000000007 0.0631489985448097
1.9000000000000008 0.0715501215941269
2.0000000000000009 0.0791541107336328
2.1000000000000010 0.1558074265323410
2.2000000000000011 0.3164108573191226
2.3000000000000012 0.3821506795770094
2.4000000000000012 0.4265099026200975
2.5000000000000013 0.4617204083331398
2.6000000000000014 0.4943400771375208
2.7000000000000015 0.5250192535283874
2.8000000000000016 0.5508975083858069
2.9000000000000017 0.5713679964405893
3.0000000000000018 0.5917618379722491
