1.0000000000000000 0.0074189833019445
1.1000000000000001 0.0074215499618393
1.2000000000000002 0.0074251120234007
1.3000000000000003 0.0074302199697279
1.4000000000000004 0.0074380235155704
1.5000000000000004 0.0074497293490457
1.6000000000000005 0.0074679864987617
1.7000000000000006 0.0074968817025327
1.8000000000000007 0.0075503811400845
1.9000000000000008 0.0076761486372296
2.0000000000000009 0.0084332769395260
2.1000000000000010 0.0217137910625200
2.2000000000000011 0.0956740575366960
2.3000000000000012 0.1844818940190015
2.4000000000000012 0.2541827409896960
2.5000000000000013 0.3086478711169763
2.6000000000000014 0.3543577604104990
2.7000000000000015 0.3928840661927344
2.8000000000000016 0.4258354309149618
2.9000000000000017 0.4557122060649078
3.0000000000000018 0.4817917040106601
