1.0000000000000000 0.0017995085370274
1.1000000000000001 0.0017990095363567
1.2000000000000002 0.0017985005600169
1.3000000000000003 0.0017979821404732
1.4000000000000004 0.0017974532937606
1.5000000000000004 0.0017969121352120
1.6000000000000005 0.0017963597545855
1.7000000000000006 0.0017958094957281
1.8000000000000007 0.0017955737782777
1.9000000000000008 0.0018075102534180
2.0000000000000009 0.0050496850483028
2.1000000000000010 0.1447532687886842
2.2000000000000011 0.2992329062618954
2.3000000000000012 0.3612076164260014
2.4000000000000012 0.4083073382394193
2.5000000000000013 0.4472600723505903
2.6000000000000014 0.4804236849201287
2.7000000000000015 0.5091867800682640
2.8000000000000016 0.5345358157707762
2.9000000000000017 0.5570986287815659
3.0000000000000018 0.5773457072050505
