0.0000000000000000 1.0000000000000000
0.0500000000000000 0.9525854590378239
0.1000000000000000 0.9094829081924352
0.1500000000000000 0.8706888773993369
0.2000000000000000 0.8353451327125678
0.2500000000000000 0.8036198508568233
0.3000000000000000 0.7746211625412032
0.3500000000000000 0.7486956183485827
0.4000000000000000 0.7248820388714866
0.4500000000000000 0.7037192105742853
0.4999999999999999 0.6841381967566296
0.5499999999999999 0.6668915712229594
0.6000000000000000 0.6507598825120376
0.6500000000000000 0.6367395947205519
0.7000000000000001 0.6234119635679273
0.7500000000000001 0.6120572020069664
0.8000000000000002 0.6010005231665340
0.8500000000000002 0.5918570973736597
0.9000000000000002 0.5826291036918020
0.9500000000000003 0.5753312766352993
1.0000000000000002 0.5675628483647421
1.0500000000000003 0.5618187069623508
1.1000000000000003 0.5551991069722719
1.1500000000000004 0.5507788855678964
1.2000000000000004 0.5450433298586926
1.2500000000000004 0.5417702195961579
1.3000000000000005 0.5366892859394611
1.3500000000000005 0.5344323624082656
1.4000000000000006 0.5298028134578080
1.4500000000000006 0.5284717997167040
1.5000000000000007 0.5241084535144672
1.5500000000000007 0.5236501090138106
1.6000000000000008 0.5193784317117051
1.6500000000000008 0.5197744226714696
1.7000000000000008 0.5154235471774111
1.7500000000000009 0.5166897132359873
1.8000000000000009 0.5120856045302137
1.8500000000000010 0.5142725923299446
1.9000000000000010 0.5092310860642247
1.9500000000000011 0.5124263751170997
2.0000000000000009 0.5067458110408048
2.0500000000000007 0.5110772129089387
2.1000000000000005 0.5045303684590171
2.1500000000000004 0.5101711392171353
2.2000000000000002 0.5024961406155900
2.2500000000000000 0.5096719110940173
2.2999999999999998 0.5005617583967865
2.3499999999999996 0.5095595594146600
2.3999999999999995 0.4986498465138545
2.4499999999999993 0.5098295901118891
2.4999999999999991 0.4966839284914767
2.5499999999999989 0.5104928044135938
2.5999999999999988 0.4945853676087579
2.6499999999999986 0.5115757308918422
2.6999999999999984 0.4922702214303895
2.7499999999999982 0.5131216866057643
2.7999999999999980 0.4896458841092367
2.8499999999999979 0.5151925097839170
2.8999999999999977 0.4866073821524532
2.9499999999999975 0.5178710333534263
2.9999999999999973 0.4830331754817680
3.0499999999999972 0.5212643982570727
3.0999999999999970 0.4787802958303535
3.1499999999999968 0.5255083390910020
3.1999999999999966 0.4736786280121530
3.2499999999999964 0.5307726134885714
3.2999999999999963 0.4675241053144388
3.3499999999999961 0.5372677924256837
3.3999999999999959 0.4600705468293020
3.4499999999999957 0.5452536830598232
3.4999999999999956 0.4510198102173374
3.5499999999999954 0.5550497210163557
3.5999999999999952 0.4400098660140662
3.6499999999999950 0.5670477478135425
3.6999999999999948 0.4266003164513577
3.7499999999999947 0.5817276845232709
3.7999999999999945 0.4102547795467035
3.8499999999999943 0.5996767286139303
3.8999999999999941 0.3903194338239175
3.9499999999999940 0.6216128418491468
3.9999999999999938 0.3659968654540881
4.0499999999999936 0.6484134687583292
4.0999999999999934 0.3363141717024223
4.1499999999999932 0.6811506344178447
4.1999999999999931 0.3000840448188533
4.2499999999999929 0.7211338254540741
4.2999999999999927 0.2558572797280385
4.3499999999999925 0.7699623695084664
4.3999999999999924 0.2018648058263452
4.4499999999999922 0.8295894083431974
4.4999999999999920 0.1359469241577058
4.5499999999999918 0.9024000235116563
4.5999999999999917 0.0554669194553745
4.6499999999999915 0.9913066396205814
4.6999999999999913 -0.0427944084687418
4.7499999999999911 1.0998655213143298
4.7999999999999909 -0.1627675127316077
4.8499999999999908 1.2324190238606514
4.8999999999999906 -0.3092513175037380
4.9499999999999904 1.3942692873613991
4.9999999999999902 -0.4881051749760179
5.0499999999999901 1.5918903223566028
