0.0000000000000000 1.0000000000000000
0.0100000000000000 0.9901006700133779
0.0200000000000000 0.9803959731994649
0.0300000000000000 0.9708848310853992
0.0400000000000000 0.9615605799560489
0.0500000000000000 0.9524224078871573
0.0600000000000000 0.9434636836405627
0.0700000000000000 0.9346838605415347
0.0800000000000000 0.9260763292189013
0.0900000000000000 0.9176408073727786
0.1000000000000000 0.9093706969239901
0.1100000000000000 0.9012659794958190
0.1200000000000000 0.8933200577441573
0.1300000000000000 0.8855331771860527
0.1400000000000000 0.8778987306567152
0.1500000000000000 0.8704172279597842
0.1600000000000000 0.8630820415383238
0.1700000000000000 0.8558939462982512
0.1800000000000000 0.8488462836863937
0.1900000000000000 0.8419400949507955
0.2000000000000000 0.8351686798883619
0.2100000000000000 0.8285333477552610
0.2200000000000001 0.8220273459781514
0.2300000000000001 0.8156522539161349
0.2400000000000001 0.8094012558215060
0.2500000000000001 0.8032762036832747
0.2600000000000001 0.7972702076741750
0.2700000000000001 0.7913853953763077
0.2800000000000001 0.7856147918591226
0.2900000000000001 0.7799608037019428
0.3000000000000001 0.7744163597110449
0.3100000000000001 0.7689841493135010
0.3200000000000001 0.7636569937385049
0.3300000000000001 0.7584378695639609
0.3400000000000001 0.7533194789559465
0.3500000000000001 0.7483050904057230
0.3600000000000002 0.7433872753397176
0.3700000000000002 0.7385695993921343
0.3800000000000002 0.7338444913640322
0.3900000000000002 0.7292158197375730
0.4000000000000002 0.7246758585745292
0.4100000000000002 0.7202287853945918
0.4200000000000002 0.7158667071587456
0.4300000000000002 0.7115941171082419
0.4400000000000002 0.7074029424744159
0.4500000000000002 0.7032979994092653
0.4600000000000002 0.6992710224980453
0.4700000000000003 0.6953271585093435
0.4800000000000003 0.6914579361576716
0.4900000000000003 0.6876688410630366
0.5000000000000002 0.6839511825151501
0.5100000000000002 0.6803107937624306
0.5200000000000002 0.6767387507646528
0.5300000000000002 0.6732412437318446
0.5400000000000003 0.6698091010153790
0.5500000000000003 0.6664488796912295
0.5600000000000003 0.6631511458277298
0.5700000000000003 0.6599228338581202
0.5800000000000003 0.6567542324734050
0.5900000000000003 0.6536526645591840
0.6000000000000003 0.6506081258910377
0.6100000000000003 0.6476283395235425
0.6200000000000003 0.6447029923100960
0.6300000000000003 0.6418402198311386
0.6400000000000003 0.6390293835168505
0.6500000000000004 0.6362790444904646
0.6600000000000004 0.6335782217372319
0.6700000000000004 0.6309359156209753
0.6800000000000004 0.6283407851123929
0.6900000000000004 0.6258022842164795
0.7000000000000004 0.6233086937437337
0.7100000000000004 0.6208699364667302
0.7200000000000004 0.6184738962850644
0.7300000000000004 0.6161309806153276
0.7400000000000004 0.6138286570604513
0.7500000000000004 0.6115778343329095
0.7600000000000005 0.6093655436871349
0.7700000000000005 0.6072032125854241
0.7800000000000005 0.6050774151837179
0.7900000000000005 0.6030001159780753
0.8000000000000005 0.6009574105445949
0.8100000000000005 0.5989618195562916
0.8200000000000005 0.5969989377623433
0.8300000000000005 0.5950818620457978
0.8400000000000005 0.5931956632805113
0.8500000000000005 0.5913540355145773
0.8600000000000005 0.5895415018599283
0.8700000000000006 0.5877723754401802
0.8800000000000006 0.5860306068423210
0.8900000000000006 0.5843311511664874
0.9000000000000006 0.5826573607956615
0.9100000000000006 0.5810248567346609
0.9200000000000006 0.5794163665262752
0.9300000000000006 0.5778482020736099
0.9400000000000006 0.5763024384433307
0.9500000000000006 0.5747961045358766
0.9600000000000006 0.5733105942618957
0.9700000000000006 0.5718636807654007
0.9800000000000006 0.5704360470312797
0.9900000000000007 0.5690462388841495
1.0000000000000007 0.5676741974759137
1.0100000000000007 0.5663392709851129
1.0200000000000007 0.5650206266365092
1.0300000000000007 0.5637384459196526
1.0400000000000007 0.5624710887997231
1.0500000000000007 0.5612396023676637
1.0600000000000007 0.5600215047050165
1.0700000000000007 0.5588387421794631
1.0800000000000007 0.5576679550178381
1.0900000000000007 0.5565320239787496
1.1000000000000008 0.5554066740586880
1.1100000000000008 0.5543157570164020
1.1200000000000008 0.5532340437780320
1.1300000000000008 0.5521863952652807
1.1400000000000008 0.5511465879674208
1.1500000000000008 0.5501405317465838
1.1600000000000008 0.5491409666975574
1.1700000000000008 0.5481748930786815
1.1800000000000008 0.5472139709744102
1.1900000000000008 0.5462863342397051
1.2000000000000008 0.5453625176048219
1.2100000000000009 0.5444718335355122
1.2200000000000009 0.5435836442634014
1.2300000000000009 0.5427284877649762
1.2400000000000009 0.5418745047528024
1.2500000000000009 0.5410535075748640
1.2600000000000009 0.5402323644498078
1.2700000000000009 0.5394442129968717
1.2800000000000009 0.5386545959299329
1.2900000000000009 0.5378980291596744
1.3000000000000009 0.5371386747635459
1.3100000000000009 0.5364124821691326
1.3200000000000010 0.5356821754767807
1.3300000000000010 0.5349851951500614
1.3400000000000010 0.5342827676707782
1.3500000000000010 0.5336138844432302
1.3600000000000010 0.5329382122930489
1.3700000000000010 0.5322963559515083
1.3800000000000010 0.5316463580549886
1.3900000000000010 0.5310305016293088
1.4000000000000010 0.5304051379898163
1.4100000000000010 0.5298142961097161
1.4200000000000010 0.5292125661454277
1.4300000000000010 0.5286457934638989
1.4400000000000011 0.5280667344068717
1.4500000000000011 0.5275231240876240
1.4600000000000011 0.5269658094433667
1.4700000000000011 0.5264444917098894
1.4800000000000011 0.5259080297749711
1.4900000000000011 0.5254081705188905
1.5000000000000011 0.5248917029542155
1.5100000000000011 0.5244125024007219
1.5200000000000011 0.5239152028581866
1.5300000000000011 0.5234558942863944
1.5400000000000011 0.5229769670867308
1.5500000000000012 0.5225368156029252
1.5600000000000012 0.5220754944626138
1.5700000000000012 0.5216537958244206
1.5800000000000012 0.5212093426296370
1.5900000000000012 0.5208054221192351
1.6000000000000012 0.5203771257448676
1.6100000000000012 0.5199903370894404
1.6200000000000012 0.5195775122612900
1.6300000000000012 0.5192072365989888
1.6400000000000012 0.5188092227973304
1.6500000000000012 0.5184548676870956
1.6600000000000013 0.5180710280898466
1.6700000000000013 0.5177320265635017
1.6800000000000013 0.5173617470273065
1.6900000000000013 0.5170375566824095
1.7000000000000013 0.5166802447600102
1.7100000000000013 0.5163703468920091
1.7200000000000013 0.5160254308843298
1.7300000000000013 0.5157293296566359
1.7400000000000013 0.5153962576980644
1.7500000000000013 0.5151134793487133
1.7600000000000013 0.5147917185241159
1.7700000000000014 0.5145218106077487
1.7800000000000014 0.5142108460998059
1.7900000000000014 0.5139533767637565
1.8000000000000014 0.5136527110292557
1.8100000000000014 0.5134072683225863
1.8200000000000014 0.5131164202963523
1.8300000000000014 0.5128826115107322
1.8400000000000014 0.5126011158359230
1.8500000000000014 0.5123785668772953
1.8600000000000014 0.5121059731608313
1.8700000000000014 0.5118943279508621
1.8800000000000014 0.5116302000427968
1.8900000000000015 0.5114291199491502
1.9000000000000015 0.5111730352448308
1.9100000000000015 0.5109821985393570
1.9200000000000015 0.5107337473032565
1.9300000000000015 0.5105528486472267
1.9400000000000015 0.5103116333573674
1.9500000000000015 0.5101403833129320
1.9600000000000015 0.5099060180248501
1.9700000000000015 0.5097441425919380
1.9800000000000015 0.5095162523211726
1.9900000000000015 0.5093634924990911
2.0000000000000013 0.5091417126212090
2.0100000000000011 0.5089978239942428
2.0200000000000009 0.5087817996614393
2.0300000000000007 0.5086465520077852
2.0400000000000005 0.5084359375811279
2.0500000000000003 0.5083091145045401
2.0600000000000001 0.5081035730009463
2.0699999999999998 0.5079849715845022
2.0799999999999996 0.5077841741375663
2.0899999999999994 0.5076736046189996
2.0999999999999992 0.5074772299528063
2.1099999999999990 0.5073745154208873
2.1199999999999988 0.5071822493359708
2.1299999999999986 0.5070872254474484
2.1399999999999983 0.5068987603180728
2.1499999999999981 0.5068112750347256
2.1599999999999979 0.5066263093166837
2.1699999999999977 0.5065462226620582
2.1799999999999975 0.5063644604102014
2.1899999999999973 0.5062916442456501
2.1999999999999971 0.5061127946403754
2.2099999999999969 0.5060471324600351
2.2199999999999966 0.5058709093419740
2.2299999999999964 0.5058122960863561
2.2399999999999962 0.5056384174985198
2.2499999999999960 0.5055867593864154
2.2599999999999958 0.5054149471230631
2.2699999999999956 0.5053701615014928
2.2799999999999954 0.5052001406630034
2.2899999999999952 0.5051621558749727
2.2999999999999949 0.5049936544280046
2.3099999999999947 0.5049624096978526
2.3199999999999945 0.5047951580400905
2.3299999999999943 0.5047706033762489
2.3399999999999941 0.5046043339050404
2.3499999999999939 0.5045864300200473
2.3599999999999937 0.5044208767042385
2.3699999999999934 0.5044095949518778
2.3799999999999932 0.5042444929061634
2.3899999999999930 0.5042398152356312
2.3999999999999928 0.5040749002967381
2.4099999999999926 0.5040768192237617
2.4199999999999924 0.5039118275277876
2.4299999999999922 0.5039203461226501
2.4399999999999920 0.5037550136828817
2.4499999999999917 0.5037701455753348
2.4599999999999915 0.5036042078598683
2.4699999999999913 0.5036259772609402
2.4799999999999911 0.5034591687694306
2.4899999999999909 0.5034876105101629
2.4999999999999907 0.5033196643490241
2.5099999999999905 0.5033548239362019
2.5199999999999902 0.5031854713915760
2.5299999999999900 0.5032274050805389
2.5399999999999898 0.5030563751883544
2.5499999999999896 0.5031051500730047
2.5599999999999894 0.5029321691854343
2.5699999999999892 0.5029878633055873
2.5799999999999890 0.5028126546532108
2.5899999999999888 0.5028753571194589
2.5999999999999885 0.5026976403684325
2.6099999999999883 0.5027674515047216
2.6199999999999881 0.5025869423082436
2.6299999999999879 0.5026639738123918
2.6399999999999877 0.5024803833557480
2.6499999999999875 0.5025647584781618
2.6599999999999873 0.5023777930166214
2.6699999999999871 0.5024696467574969
2.6799999999999868 0.5022790071463216
2.6899999999999866 0.5023784864716441
2.6999999999999864 0.5021838676874558
2.7099999999999862 0.5022911317641459
2.7199999999999860 0.5020922224168900
2.7299999999999858 0.5022074428674702
2.7399999999999856 0.5020039247021912
2.7499999999999853 0.5021272858793826
2.7599999999999851 0.5019188332670159
2.7699999999999849 0.5020505325487019
2.7799999999999847 0.5018368119650678
2.7899999999999845 0.5019770600700992
2.7999999999999843 0.5017577295622638
2.8099999999999841 0.5019067508876087
2.8199999999999839 0.5016814595267595
2.8299999999999836 0.5018394925065384
2.8399999999999834 0.5016078798264979
2.8499999999999832 0.5017751773134784
2.8599999999999830 0.5015368727339587
2.8699999999999828 0.5017137024041201
2.8799999999999826 0.5014683246377939
2.8899999999999824 0.5016549694186083
2.8999999999999821 0.5014021258610496
2.9099999999999819 0.5015988843841663
2.9199999999999817 0.5013381704856830
2.9299999999999815 0.5015453575647391
2.9399999999999813 0.5012763561830934
2.9499999999999811 0.5014943033174153
2.9599999999999809 0.5012165840503968
2.9699999999999807 0.5014456399553994
2.9799999999999804 0.5011587584521808
2.9899999999999802 0.5013992896173122
2.9999999999999800 0.5011027868674883
3.0099999999999798 0.5013551781426127
3.0199999999999796 0.5010485797417839
3.0299999999999794 0.5013132349529413
3.0399999999999792 0.5009960503436662
3.0499999999999790 0.5012733929391947
3.0599999999999787 0.5009451146260985
3.0699999999999785 0.5012355883541507
3.0799999999999783 0.5008956910919324
3.0899999999999781 0.5011997607104735
3.0999999999999779 0.5008477006635135
3.1099999999999777 0.5011658526839329
3.1199999999999775 0.5008010665561562
3.1299999999999772 0.5011338100216867
3.1399999999999770 0.5007557141552887
3.1499999999999768 0.5011035814554751
3.1599999999999766 0.5007115708970697
3.1699999999999764 0.5010751186195923
3.1799999999999762 0.5006685661522861
3.1899999999999760 0.5010483759735008
3.1999999999999758 0.5006266311133460
3.2099999999999755 0.5010233107289670
3.2199999999999753 0.5005856986841873
3.2299999999999751 0.5009998827815995
3.2399999999999749 0.5005457033729234
3.2499999999999747 0.5009780546466825
3.2599999999999745 0.5005065811870560
3.2699999999999743 0.5009577913992003
3.2799999999999740 0.5004682695310880
3.2899999999999738 0.5009390606179568
3.2999999999999736 0.5004307071063697
3.3099999999999734 0.5009218323337020
3.3199999999999732 0.5003938338130216
3.3299999999999730 0.5009060789811811
3.3399999999999728 0.5003575906537744
3.3499999999999726 0.5008917753550302
3.3599999999999723 0.5003219196395732
3.3699999999999721 0.5008788985694472
3.3799999999999719 0.5002867636967953
3.3899999999999717 0.5008674280215755
3.3999999999999715 0.5002520665759322
3.4099999999999713 0.5008573453585382
3.4199999999999711 0.5002177727615907
3.4299999999999708 0.5008486344480746
3.4399999999999706 0.5001838273836677
3.4499999999999704 0.5008412813527279
3.4599999999999702 0.5001501761295586
3.4699999999999700 0.5008352743075455
3.4799999999999698 0.5001167651572568
3.4899999999999696 0.5008306037012552
3.4999999999999694 0.5000835410092066
3.5099999999999691 0.5008272620608869
3.5199999999999689 0.5000504505267711
3.5299999999999687 0.5008252440398161
3.5399999999999685 0.5000174407651785
3.5499999999999683 0.5008245464092089
3.5599999999999681 0.4999844589088102
3.5699999999999679 0.5008251680528565
3.5799999999999677 0.4999514521866959
3.5899999999999674 0.5008271099653886
3.5999999999999672 0.4999183677880804
3.6099999999999670 0.5008303752538654
3.6199999999999668 0.4998851527779257
3.6299999999999666 0.5008349691427484
3.6399999999999664 0.4998517540122158
3.6499999999999662 0.5008408989822598
3.6599999999999659 0.4998181180529254
3.6699999999999657 0.5008481742601428
3.6799999999999655 0.4997841910825196
3.6899999999999653 0.5008568066168421
3.6999999999999651 0.4997499188178460
3.7099999999999649 0.5008668098641282
3.7199999999999647 0.4997152464232809
3.7299999999999645 0.5008782000071970
3.7399999999999642 0.4996801184229930
3.7499999999999640 0.5008909952702773
3.7599999999999638 0.4996444786121819
3.7699999999999636 0.5009052161257900
3.7799999999999634 0.4996082699671502
3.7899999999999632 0.5009208853271040
3.7999999999999630 0.4995714345540661
3.8099999999999627 0.5009380279449414
3.8199999999999625 0.4995339134362685
3.8299999999999623 0.5009566714074907
3.8399999999999621 0.4994956465799688
3.8499999999999619 0.5009768455442919
3.8599999999999617 0.4994565727581972
3.8699999999999615 0.5009985826339640
3.8799999999999613 0.4994166294528386
3.8899999999999610 0.5010219174558505
3.8999999999999608 0.4993757527546046
3.9099999999999606 0.5010468873456663
3.9199999999999604 0.4993338772607779
3.9299999999999602 0.5010735322552351
3.9399999999999600 0.4992909359705685
3.9499999999999598 0.5011018948164123
3.9599999999999596 0.4992468601779120
3.9699999999999593 0.5011320204092958
3.9799999999999591 0.4992015793615402
3.9899999999999589 0.5011639572348342
3.9999999999999587 0.4991550210721468
4.0099999999999589 0.5011977563919483
4.0199999999999587 0.4991071108164689
4.0299999999999585 0.5012334719592896
4.0399999999999583 0.4990577719380973
4.0499999999999581 0.5012711610817657
4.0599999999999579 0.4990069254948267
4.0699999999999577 0.5013108840619727
4.0799999999999574 0.4989544901323478
4.0899999999999572 0.5013527044566788
4.0999999999999570 0.4989003819540806
4.1099999999999568 0.5013966891785155
4.1199999999999566 0.4988445143869400
4.1299999999999564 0.5014429086030380
4.1399999999999562 0.4987867980428185
4.1499999999999559 0.5014914366813252
4.1599999999999557 0.4987271405755655
4.1699999999999555 0.5015423510583026
4.1799999999999553 0.4986654465332334
4.1899999999999551 0.5015957331969733
4.1999999999999549 0.4986016172053545
4.2099999999999547 0.5016516685087591
4.2199999999999545 0.4985355504650041
4.2299999999999542 0.5017102464901589
4.2399999999999540 0.4984671406053978
4.2499999999999538 0.5017715608659430
4.2599999999999536 0.4983962781707600
4.2699999999999534 0.5018357097391126
4.2799999999999532 0.4983228497811956
4.2899999999999530 0.5019027957478648
4.2999999999999527 0.4982467379512810
4.3099999999999525 0.5019729262298136
4.3199999999999523 0.4981678209020884
4.3299999999999521 0.5020462133937300
4.3399999999999519 0.4980859723663392
4.3499999999999517 0.5021227744990765
4.3599999999999515 0.4980010613863762
4.3699999999999513 0.5022027320436214
4.3799999999999510 0.4979129521046313
4.3899999999999508 0.5022862139594362
4.3999999999999506 0.4978215035462539
4.4099999999999504 0.5023733538175861
4.4199999999999502 0.4977265693935504
4.4299999999999500 0.5024642910418441
4.4399999999999498 0.4976279977518767
4.4499999999999496 0.5025591711317691
4.4599999999999493 0.4975256309066059
4.4699999999999491 0.5026581458955048
4.4799999999999489 0.4974193050707857
4.4899999999999487 0.5027613736926734
4.4999999999999485 0.4973088501230787
4.5099999999999483 0.5028690196877502
4.5199999999999481 0.4971940893355687
4.5299999999999478 0.5029812561143274
4.5399999999999476 0.4970748390909956
4.5499999999999474 0.5030982625506876
4.5599999999999472 0.4969509085889681
4.5699999999999470 0.5032202262071288
4.5799999999999468 0.4968220995406830
4.5899999999999466 0.5033473422255015
4.5999999999999464 0.4966882058516629
4.6099999999999461 0.5034798139914349
4.6199999999999459 0.4965490132920055
4.6299999999999457 0.5036178534597547
4.6399999999999455 0.4964042991536153
4.6499999999999453 0.5037616814936101
4.6599999999999451 0.4962538318938710
4.6699999999999449 0.5039115282178552
4.6799999999999446 0.4960973707651568
4.6899999999999444 0.5040676333872489
4.6999999999999442 0.4959346654296668
4.7099999999999440 0.5042302467700622
4.7199999999999438 0.4957654555588643
4.7299999999999436 0.5043996285477077
4.7399999999999434 0.4955894704169560
4.7499999999999432 0.5045760497310294
4.7599999999999429 0.4954064284277148
4.7699999999999427 0.5047597925939208
4.7799999999999425 0.4952160367239580
4.7899999999999423 0.5049511511249625
4.7999999999999421 0.4950179906789595
4.8099999999999419 0.5051504314978041
4.8199999999999417 0.4948119734190473
4.8299999999999415 0.5053579525610422
4.8399999999999412 0.4945976553166056
4.8499999999999410 0.5055740463483780
4.8599999999999408 0.4943746934626705
4.8699999999999406 0.5057990586098712
4.8799999999999404 0.4941427311182757
4.8899999999999402 0.5060333493651401
4.8999999999999400 0.4939013971436700
4.9099999999999397 0.5062772934793933
4.9199999999999395 0.4936503054044943
4.9299999999999393 0.5065312812632136
4.9399999999999391 0.4933890541539657
4.9499999999999389 0.5067957190970549
4.9599999999999387 0.4931172253900835
4.9699999999999385 0.5070710300814516
4.9799999999999383 0.4928343841868255
4.9899999999999380 0.5073576547139785
4.9999999999999378 0.4925400779982663
5.0099999999999376 0.5076560515940479
5.0199999999999374 0.4922338359345044
5.0299999999999372 0.5079666981566677
5.0399999999999370 0.4919151680082377
5.0499999999999368 0.5082900914363382
5.0599999999999365 0.4915835643507842
5.0699999999999363 0.5086267488623069
5.0799999999999361 0.4912384943962919
5.0899999999999359 0.5089772090864552
5.0999999999999357 0.4908794060328336
5.1099999999999355 0.5093420328451418
5.1199999999999353 0.4905057247190280
5.1299999999999351 0.5097218038563807
5.1399999999999348 0.4901168525647728
5.1499999999999346 0.5101171297537898
5.1599999999999344 0.4897121673746212
5.1699999999999342 0.5105286430588049
5.1799999999999340 0.4892910216522690
5.1899999999999338 0.5109570021927141
5.1999999999999336 0.4888527415645604
5.2099999999999334 0.5114028925301317
5.2199999999999331 0.4883966258633551
5.2299999999999329 0.5118670274955975
5.2399999999999327 0.4879219447635312
5.2499999999999325 0.5123501497050563
5.2599999999999323 0.4874279387753290
5.2699999999999321 0.5128530321540432
5.2799999999999319 0.4869138174891672
5.2899999999999316 0.5133764794544765
5.2999999999999314 0.4863787583109881
5.3099999999999312 0.5139213291220370
5.3199999999999310 0.4858219051461067
5.3299999999999308 0.5144884529161927
5.3399999999999306 0.4852423670294590
5.3499999999999304 0.5150787582350144
5.3599999999999302 0.4846392167000584
5.3699999999999299 0.5156931895670120
5.3799999999999297 0.4840114891173780
5.3899999999999295 0.5163327300023169
5.3999999999999293 0.4833581799172853
5.4099999999999291 0.5169984028056255
5.4199999999999289 0.4826782438050603
5.4299999999999287 0.5176912730534231
5.4399999999999284 0.4819705928829234
5.4499999999999282 0.5184124493381062
5.4599999999999280 0.4812340949093991
5.4699999999999278 0.5191630855417302
5.4799999999999276 0.4804675714877299
5.4899999999999274 0.5199443826822210
5.4999999999999272 0.4796697961804410
5.5099999999999270 0.5207575908350034
5.5199999999999267 0.4788394925470409
5.5299999999999265 0.5216040111331217
5.5399999999999263 0.4779753321017160
5.5499999999999261 0.5224849978490531
5.5599999999999259 0.4770759321877538
5.5699999999999257 0.5234019605615430
5.5799999999999255 0.4761398537652921
5.5899999999999253 0.5243563664109313
5.5999999999999250 0.4751655991088549
5.6099999999999248 0.5253497424465771
5.6199999999999246 0.4741516094109918
5.6299999999999244 0.5263836780701374
5.6399999999999242 0.4730962622881863
5.6499999999999240 0.5274598275786100
5.6599999999999238 0.4719978691850419
5.6699999999999235 0.5285799128112083
5.6799999999999233 0.4708546726725936
5.6899999999999231 0.5297457259043046
5.6999999999999229 0.4696648436364214
5.7099999999999227 0.5309591321588477
5.7199999999999225 0.4684264783500675
5.7299999999999223 0.5322220730248450
5.7399999999999221 0.4671375954290736
5.7499999999999218 0.5335365692076821
5.7599999999999216 0.4657961326607664
5.7699999999999214 0.5349047239012514
5.7799999999999212 0.4643999437047163
5.7899999999999210 0.5363287261530628
5.7999999999999208 0.4629467946585938
5.8099999999999206 0.5378108543667190
5.8199999999999203 0.4614343604839250
5.8299999999999201 0.5393534799473620
5.8399999999999199 0.4598602212860305
5.8499999999999197 0.5409590710959208
5.8599999999999195 0.4582218584421937
5.8699999999999193 0.5426301967582330
5.8799999999999191 0.4565166505718644
5.8899999999999189 0.5443695307353584
5.8999999999999186 0.4547418693424500
5.9099999999999184 0.5461798559616604
5.9199999999999182 0.4528946751039836
5.9299999999999180 0.5480640689575010
5.9399999999999178 0.4509721123456836
5.9499999999999176 0.5500251844636737
5.9599999999999174 0.4489711049671366
5.9699999999999172 0.5520663402649882
5.9799999999999169 0.4468884513565371
5.9899999999999167 0.5541908022107268
5.9999999999999165 0.4447208192681080
6.0099999999999163 0.5564019694400025
6.0199999999999161 0.4424647404905079
6.0299999999999159 0.5587033798203822
6.0399999999999157 0.4401166052976926
6.0499999999999154 0.5610987156084745
6.0599999999999152 0.4376726566733536
6.0699999999999150 0.5635918093415403
6.0799999999999148 0.4351289842996920
6.0899999999999146 0.5661866499695526
6.0999999999999144 0.4324815183009099
6.1099999999999142 0.5688873892375161
6.1199999999999140 0.4297260227314093
6.1299999999999137 0.5716983483282597
6.1399999999999135 0.4268580887982789
6.1499999999999133 0.5746240247763286
6.1599999999999131 0.4238731278072257
6.1699999999999129 0.5776690996640396
6.1799999999999127 0.4207663638206641
6.1899999999999125 0.5808384451112130
6.1999999999999122 0.4175328260162156
6.2099999999999120 0.5841371320705644
6.2199999999999118 0.4141673407333930
6.2299999999999116 0.5875704384412287
6.2399999999999114 0.4106645231957439
6.2499999999999112 0.5911438575133989
6.2599999999999110 0.4070187688952079
6.2699999999999108 0.5948631067575906
6.2799999999999105 0.4032242446249043
6.2899999999999103 0.5987341369725944
6.2999999999999101 0.3992748791460005
6.3099999999999099 0.6027631418067544
6.3199999999999097 0.3951643534737304
6.3299999999999095 0.6069565676678051
6.3399999999999093 0.3908860907670181
6.3499999999999091 0.6113211240371245
6.3599999999999088 0.3864332458055332
6.3699999999999086 0.6158637942049031
6.3799999999999084 0.3817986940373371
6.3899999999999082 0.6205918464434096
6.3999999999999080 0.3769750201796007
6.4099999999999078 0.6255128456362256
6.4199999999999076 0.3719545063541516
6.4299999999999073 0.6306346653820595
6.4399999999999071 0.3667291197388692
6.4499999999999069 0.6359655005925047
6.4599999999999067 0.3612904997151690
6.4699999999999065 0.6415138806038979
6.4799999999999063 0.3556299444910131
6.4899999999999061 0.6472886828242574
6.4999999999999059 0.3497383971780428
6.5099999999999056 0.6532991469371358
6.5199999999999054 0.3436064313005573
6.5299999999999052 0.6595548896851134
6.5399999999999050 0.3372242357131528
6.5499999999999048 0.6660659202565873
6.5599999999999046 0.3305815989028893
6.5699999999999044 0.6728426563004717
6.5799999999999041 0.3236678926508704
6.5899999999999039 0.6798959405944369
6.5999999999999037 0.3164720550270930
6.6099999999999035 0.6872370583933533
6.6199999999999033 0.3089825726913588
6.6299999999999031 0.6948777554856989
6.6399999999999029 0.3011874624719308
6.6499999999999027 0.7028302569868217
6.6599999999999024 0.2930742521924580
6.6699999999999022 0.7111072868991234
6.6799999999999020 0.2846299607164930
6.6899999999999018 0.7197220884704637
6.6999999999999016 0.2758410771776745
6.7099999999999014 0.7286884453833568
6.7199999999999012 0.2666935393623402
6.7299999999999010 0.7380207038088632
6.7399999999999007 0.2571727112099856
6.7499999999999005 0.7477337953604638
6.7599999999999003 0.2472633593955671
6.7699999999999001 0.7578432609846412
6.7799999999998999 0.2369496289561814
6.7899999999998997 0.7683652758263939
6.7999999999998995 0.2262150179231257
6.8099999999998992 0.7793166751094689
6.8199999999998990 0.2150423509187469
6.8299999999998988 0.7907149810727190
6.8399999999998986 0.2034137516758382
6.8499999999998984 0.8025784310056855
6.8599999999998982 0.1913106144356108
6.8699999999998980 0.8149260064282611
6.8799999999998978 0.1787135741784803
6.8899999999998975 0.8277774634611219
6.8999999999998973 0.1656024756400354
6.9099999999998971 0.8411533644355205
6.9199999999998969 0.1519563410626146
6.9299999999998967 0.8550751107930159
6.9399999999998965 0.1377533366308940
6.9499999999998963 0.8695649773277802
6.9599999999998960 0.1229707375377828
6.9699999999998958 0.8846461478262688
6.9799999999998956 0.1075848916247320
6.9899999999998954 0.9003427521612796
6.9999999999998952 0.0915711815382809
7.0099999999998950 0.9166799048997484
7.0199999999998948 0.0749039853422909
7.0299999999998946 0.9336837454860567
7.0399999999998943 0.0575566355228487
7.0499999999998941 0.9513814800651428
7.0599999999998939 0.0395013763202429
7.0699999999998937 0.9698014250123330
7.0799999999998935 0.0207093193197496
7.0899999999998933 0.9889730522395430
7.0999999999998931 0.0011503972301679
7.1099999999998929 1.0089270363503362
7.1199999999998926 -0.0192066842238455
7.1299999999998924 1.0296953037192900
7.1399999999998922 -0.0403944963726171
7.1499999999998920 1.0513110835741946
7.1599999999998918 -0.0624469397155849
7.1699999999998916 1.0738089611628179
7.1799999999998914 -0.0853992981620976
7.1899999999998911 1.0972249330893018
7.1999999999998909 -0.1092882954856697
7.2099999999998907 1.1215964649087287
7.2199999999998905 -0.1341521540820189
7.2299999999998903 1.1469625510720094
7.2399999999998901 -0.1600306561248993
7.2499999999998899 1.1733637773170054
7.2599999999998897 -0.1869652072175795
7.2699999999998894 1.2008423856057084
7.2799999999998892 -0.2149989026418078
7.2899999999998890 1.2294423417113807
7.2999999999998888 -0.2441765963102631
7.3099999999998886 1.2592094055637912
7.3199999999998884 -0.2745449725328147
7.3299999999998882 1.2901912044651038
7.3399999999998879 -0.3061526207114189
7.3499999999998877 1.3224373092935606
7.3599999999998875 -0.3390501130831614
7.3699999999998873 1.3559993138168871
7.3799999999998871 -0.3732900856358368
7.3899999999998869 1.3909309172423205
7.3999999999998867 -0.4089273223255296
7.4099999999998865 1.4272880101353418
7.4199999999998862 -0.4460188427309433
7.4299999999998860 1.4651287638445796
7.4399999999998858 -0.4846239932847265
7.4499999999998856 1.5045137235759687
7.4599999999998854 -0.5248045422277653
7.4699999999998852 1.5455059052650792
7.4799999999998850 -0.5666247784383684
7.4899999999998847 1.5881708964026140
7.4999999999998845 -0.6101516142944730
7.5099999999998843 1.6325769609743930
7.5199999999998841 -0.6554546927334487
7.5299999999998839 1.6787951486837309
7.5399999999998837 -0.7026064986807979
7.5499999999998835 1.7268994086309628
7.5599999999998833 -0.7516824750260365
7.5699999999998830 1.7769667076320044
7.5799999999998828 -0.8027611433313167
7.5899999999998826 1.8290771533652570
7.5999999999998824 -0.8559242294659269
7.6099999999998822 1.8833141225438941
7.6199999999998820 -0.9112567943676827
7.6299999999998818 1.9397643943186014
7.6399999999998816 -0.9688473701404268
7.6499999999998813 1.9985182891242184
7.6599999999998811 -1.0287881017053955
7.6699999999998809 2.0596698131924343
7.6799999999998807 -1.0911748942330928
7.6899999999998805 2.1233168089617580
7.6999999999998803 -1.1561075665915630
7.7099999999998801 2.1895611116254203
7.7199999999998798 -1.2236900110565798
7.7299999999998796 2.2585087120676834
7.7399999999998794 -1.2940303595392872
7.7499999999998792 2.3302699264492550
7.7599999999998790 -1.3672411565972575
7.7699999999998788 2.4049595727131452
7.7799999999998786 -1.4434395395057833
7.7899999999998784 2.4826971542933767
7.7999999999998781 -1.5227474256775184
7.8099999999998779 2.5636070513204774
7.8199999999998777 -1.6052917077303375
7.8299999999998775 2.6478187196296910
7.8399999999998773 -1.6912044565155251
7.8499999999998771 2.7354668978903121
7.8599999999998769 -1.7806231324311375
7.8699999999998766 2.8266918231875575
7.8799999999998764 -1.8736908053586399
7.8899999999998762 2.9216394554019032
7.8999999999998760 -1.9705563835747160
7.9099999999998758 3.0204617107448919
7.9199999999998756 -2.0713748520045114
7.9299999999998754 3.1233167048250725
7.9399999999998752 -2.1763075201975144
7.9499999999998749 3.2303690056329732
7.9599999999998747 -2.2855222804228332
7.9699999999998745 3.3417898968498867
7.9799999999998743 -2.3991938762968288
7.9899999999998741 3.4577576519017597
7.9999999999998739 -2.5175041823728992
8.0099999999998737 3.5784578191966756
8.0199999999998735 -2.6406424951407663
8.0299999999998732 3.7040835190023063
8.0399999999998730 -2.7688058359008587
8.0499999999998728 3.8348357524383405
8.0599999999998726 -2.9021992659983922
8.0699999999998724 3.9709237230782763
8.0799999999998722 -3.0410362149215233
8.0899999999998720 4.1125651716751372
8.0999999999998717 -3.1855388217885290
8.1099999999998715 4.2599867245466783
8.1199999999998713 -3.3359382907703963
8.1299999999998711 4.4134242561774943
8.1399999999998709 -3.4924752610174963
8.1499999999998707 4.5731232666181940
8.1599999999998705 -3.6554001916822241
8.1699999999998703 4.7393392742854834
8.1799999999998700 -3.8249737626536433
8.1899999999998698 4.9123382247916290
8.1999999999998696 -4.0014672916453087
8.2099999999998694 5.0923969164574414
8.2199999999998692 -4.1851631683036059
8.2299999999998690 5.2798034431895857
8.2399999999998688 -4.3763553060311891
8.2499999999998685 5.4748576554308332
8.2599999999998683 -4.5753496122484227
8.2699999999998681 5.6778716399207703
8.2799999999998679 -4.7824644778452532
8.2899999999998677 5.8891702190345807
8.2999999999998675 -4.9980312866066363
8.3099999999998673 6.1090914704988464
8.3199999999998671 -5.2223949454265899
8.3299999999998668 6.3379872683159100
8.3399999999998666 -5.4559144361592260
8.3499999999998664 6.5762238457622786
8.3599999999998662 -5.6989633899897170
8.3699999999998660 6.8241823813618669
8.3799999999998658 -5.9519306852441920
8.3899999999998656 7.0822596087716345
8.3999999999998654 -6.2152210695950574
8.4099999999998651 7.3508684515554368
8.4199999999998649 -6.4892558076572744
8.4299999999998647 7.6304386838617280
8.4399999999998645 -6.7744733550117431
8.4499999999998643 7.9214176180621978
8.4599999999998641 -7.0713300597342315
8.4699999999998639 8.2242708204515669
8.4799999999998636 -7.3803008925522944
8.4899999999998634 8.5394828561536578
8.4999999999998632 -7.7018802067984407
8.5099999999998630 8.8675580644255962
8.5199999999998628 -8.0365825293754654
8.5299999999998626 9.2090213656006146
8.5399999999998624 -8.3849433839994898
8.5499999999998622 9.5644191009605937
8.5599999999998619 -8.7475201480379141
8.5699999999998617 9.9343199068821111
8.5799999999998615 -9.1248929443131992
8.5899999999998613 10.3193156246546387
8.5999999999998611 -9.5176655692993855
8.6099999999998609 10.7200222474266145
8.6199999999998607 -9.9264664591964493
8.6299999999998604 11.1370809057944733
8.6399999999998602 -10.3519496954282282
8.6499999999998600 11.5711588936116030
8.6599999999998598 -10.7947960511726926
8.6699999999998596 12.0229507356585099
8.6799999999998594 -11.2557140805990326
8.6899999999998592 12.4931792988824704
8.6999999999998590 -11.7354412525543310
8.7099999999998587 12.9825969489846429
8.7199999999998585 -12.2347451305137174
8.7299999999998583 13.4919867542051914
8.7399999999998581 -12.7544246006819257
8.7499999999998579 14.0221637382324680
8.7599999999998577 -13.2953111502112247
8.7699999999998575 14.5739761842409177
8.7799999999998573 -13.8582701975808611
8.7899999999998570 15.1483069921441516
8.7999999999998568 -14.4442024772666269
8.8099999999998566 15.7460750912348164
8.8199999999998564 -15.0540454809160202
8.8299999999998562 16.3682369104714560
8.8399999999998560 -15.6887749573348785
8.8499999999998558 17.0157879087648496
8.8599999999998555 -16.3494064736854732
8.8699999999998553 17.6897641677122692
8.8799999999998551 -17.0369970403939632
8.8899999999998549 18.3912440493280265
8.8999999999998547 -17.7526468023670851
8.9099999999998545 19.1213499214227092
8.9199999999998543 -18.4975007992239924
8.9299999999998541 19.8812499533916700
8.9399999999998538 -19.2727507973596595
8.9499999999998536 20.6721599852860578
8.9599999999998534 -20.0796371967711025
8.9699999999998532 21.4953454731569025
8.9799999999998530 -20.9194510156973799
8.9899999999998528 22.3521235137847967
8.9999999999998526 -21.7935359562487712
9.0099999999998523 23.2438649520347482
9.0199999999998521 -22.7032905543301595
9.0299999999998519 24.1719965742079559
9.0399999999998517 -23.6501704172984795
9.0499999999998515 25.1380033908998968
9.0599999999998513 -24.6356905529344772
9.0699999999998511 26.1434310130172776
9.0799999999998509 -25.6614277934551680
9.0899999999998506 27.1898881247554840
9.0999999999998504 -26.7290233184453889
9.1099999999998502 28.2790490574932996
9.1199999999998500 -27.8401852807451213
9.1299999999998498 29.4126564687231031
9.1399999999998496 -28.9966915394940443
9.1499999999998494 30.5925241303028663
9.1599999999998492 -30.2003925047061585
9.1699999999998489 31.8205398304911142
9.1799999999998487 -31.4532140979258017
9.1899999999998485 33.0986683944081435
9.1999999999998483 -32.7571608337021303
9.2099999999998481 34.4289548277562290
9.2199999999998479 -34.1143190268123817
9.2299999999998477 35.8135275888287268
9.2399999999998474 -35.5268601303655274
9.2499999999998472 37.2546019940433482
9.2599999999998470 -36.9970442101272639
9.2699999999998468 38.7544837624484373
9.2799999999998466 -38.5272235606252025
9.2899999999998464 40.3155727048734462
9.2999999999998462 -40.1198464688201426
9.3099999999998460 41.9403665636262488
9.3199999999998457 -41.7774611313651931
9.3299999999998455 43.6314650088808591
9.3399999999998453 -43.5027197317204255
9.3499999999998451 45.3915737981496790
9.3599999999998449 -45.2983826836464161
9.3699999999998447 47.2235091054955376
9.3799999999998445 -47.1673230478662404
9.3899999999998442 49.1302020274101849
9.3999999999998440 -49.1125311289626509
9.4099999999998438 51.1147032725686898
9.4199999999998436 -51.1371192598654005
9.4299999999998434 53.1801880429633087
9.4399999999998432 -53.2443267815839363
9.4499999999998430 55.3299611142266627
9.4599999999998428 -55.4375252261529994
9.4699999999998425 57.5674621232727830
9.4799999999998423 -57.7202237110839107
9.4899999999998421 59.8962710717161428
9.4999999999998419 -60.0960745539525547
9.5099999999998417 62.3201140538742422
9.5199999999998415 -62.5688791161075244
9.5299999999998413 64.8428692185185440
9.5399999999998411 -65.1425938848482673
9.5499999999998408 67.4685729739124724
9.5599999999998406 -67.8213368038047690
9.5699999999998404 70.2014264460646586
9.5799999999998402 -70.6093938616473622
9.5899999999998400 73.0458022005305594
9.5999999999998398 -73.5112259496685851
9.6099999999998396 76.0062512385173079
9.6199999999998393 -76.5314759992092775
9.6299999999998391 79.0875102784856807
9.6399999999998389 -79.6749764103487053
9.6499999999998387 82.2945093348996295
9.6599999999998385 -82.9467567837446893
9.6699999999998383 85.6323796062494154
9.6799999999998381 -86.3520519679946688
9.6899999999998379 89.1064616849692044
9.6999999999998376 -89.8963104353934312
9.7099999999998374 92.7223141023849422
9.7199999999998372 -93.5852029994888284
9.7299999999998370 96.4857222223645010
9.7399999999998368 -97.4246318883834022
9.7499999999998366 100.4027074978998400
9.7599999999998364 -101.4207401882993906
9.7699999999998361 104.4795371054318167
9.7799999999998359 -105.5799216725166616
9.7899999999998357 108.7227339723324775
9.7999999999998355 -109.9088310314099601
9.8099999999998353 113.1390872135888799
9.8199999999998351 -114.4143945199535182
9.8299999999998349 117.7356629943870132
9.8399999999998347 -119.1038210397289987
9.8499999999998344 122.5198158359761749
9.8599999999998342 -123.9846136731680417
9.8699999999998340 127.4992003829028988
9.8799999999998338 -129.0645816884841679
9.8899999999998336 132.6817836504422701
9.8999999999998334 -134.3518530345018576
9.9099999999998332 138.0758577718223421
9.9199999999998330 -139.8548873453747490
9.9299999999998327 143.6900532656373457
9.9399999999998325 -145.5824894760002337
9.9499999999998323 149.5333528446773528
9.9599999999998321 -151.5438235897873369
9.9699999999998319 155.6151057882688349
9.9799999999998317 -157.7484278213181028
9.9899999999998315 161.9450429011215533
9.9999999999998312 -164.2062295373629581
10.0099999999998310 168.5332920826160716
10.0199999999998308 -170.9275612206675987
10.0299999999998306 175.3903945314427801
10.0399999999998304 -177.9231770019252963
10.0499999999998302 182.5273216115197954
10.0599999999998300 -185.2042698663860847
10.0699999999998298 189.9554924061752388
10.0799999999998295 -192.7824895626330886
10.0899999999998293 197.6867919886805680
10.0999999999998291 -200.6699612421803067
10.1099999999998289 205.7335904383677700
10.1199999999998287 -208.8793048597150062
10.1299999999998285 214.1087626327563669
10.1399999999998283 -217.4236553650252688
10.1499999999998280 222.8257088473573901
10.1599999999998278 -226.3166837189195633
10.1699999999998276 231.8983761961141852
10.1799999999998274 -235.5726187667641227
10.1899999999998272 241.3412809467847637
10.1999999999998270 -245.2062700046355133
10.2099999999998268 251.1695317469701934
10.2199999999998266 -255.2330512745143096
10.2299999999998263 261.3988537979507782
10.2399999999998261 -265.6690054264323635
10.2499999999998259 272.0456140150080842
10.2599999999998257 -276.5308299870326891
10.2699999999998255 283.1268472144893735
10.2799999999998253 -287.8359038756122459
10.2899999999998251 294.6602833695138770
10.2999999999998249 -299.6023152103928169
10.3099999999998246 306.6643759779295806
10.3199999999998244 -311.8488902495100206
10.3299999999998242 319.1583315879099700
10.3399999999998240 -324.5952235130264398
10.3499999999998238 332.1621405284310526
10.3599999999998236 -337.8617091341636751
10.3699999999998234 345.6966088937975883
10.3799999999998231 -351.6695734899155923
10.3899999999998229 359.7833918333942052
10.3999999999998227 -366.0409091632513423
10.4099999999998225 374.4450281999242520
10.4199999999998223 -380.9987102912483010
10.4299999999998221 389.7049766115741818
10.4399999999998219 -396.5669093557112888
10.4499999999998217 405.5876529858026061
10.4599999999998214 -412.7704154751434089
10.4699999999998212 422.1184696048083538
10.4799999999998210 -429.6351542593357635
10.4899999999998208 439.3238757751817616
10.4999999999998206 -447.1881092903430499
10.5099999999998204 457.2314001467954654
10.5199999999998202 -465.4573652962148458
10.5299999999998199 475.8696947586440729
10.5399999999998197 -484.4721530865606383
10.5499999999998195 495.2685808821065052
10.5599999999998193 -504.2628963218448916
10.5699999999998191 515.4590967349803350
10.5799999999998189 -524.8612601912441278
10.5899999999998187 536.4735471426300819
10.5999999999998185 -546.3002020769492901
10.6099999999998182 558.3455552257080399
10.6199999999998180 -568.6140242859776208
10.6299999999998178 581.1101161971471356
10.6399999999998176 -591.8384289338634972
10.6499999999998174 604.8036533545016482
10.6599999999998172 -616.0105750680435222
10.6699999999998170 629.4640763572233482
10.6799999999998168 -641.1691381223324697
10.6899999999998165 655.1308418821166697
10.6999999999998163 -667.3543717976170910
10.7099999999998161 681.8450167540213442
10.7199999999998159 -694.6081724677779903
10.7299999999998157 709.6493436527324548
10.7399999999998155 -722.9741462138872521
10.7499999999998153 738.5883095012879949
10.7599999999998150 -752.4976785939387582
10.7699999999998148 768.7082166450455816
10.7799999999998146 -783.2260072597405269
10.7899999999998144 800.0572569354352481
10.7999999999998142 -815.2082975371579323
10.8099999999998140 832.6855888369216245
10.8199999999998138 -848.4957210906347882
10.8299999999998136 866.6454176805469842
10.8399999999998133 -883.1415377978566994
10.8499999999998131 901.9910791924612568
10.8599999999998129 -919.2011809655551815
10.8699999999998127 938.7791264310834549
10.8799999999998125 -956.7323460227985379
10.8899999999998123 977.0684202719953646
10.8999999999998121 -995.7950828336784070
10.9099999999998118 1016.9202235853424554
10.9199999999998116 -1036.4518917770922144
10.9299999999998114 1058.3982992564260712
10.9399999999998112 -1078.7678237473492118
10.9499999999998110 1101.5690122063199397
10.9599999999998108 -1122.8105842356019366
10.9699999999998106 1146.5014355757439262
10.9799999999998104 -1168.6506416586316845
10.9899999999998101 1193.2674612420892117
10.9999999999998099 -1216.3613401083152894
11.0099999999998097 1241.9419148464219234
11.0199999999998095 -1266.0190167021721663
11.0299999999998093 1292.6026755145087463
11.0399999999998091 -1317.7031237227524798
11.0499999999998089 1345.3308004634188819
11.0599999999998087 -1371.4963557412893351
11.0699999999998084 1400.2106546930704098
11.0799999999998082 -1427.4847819290121151
11.0899999999998080 1457.3300459702309126
11.0999999999998078 -1485.7579837678213153
11.1099999999998076 1516.7803653209437016
11.1199999999998074 -1546.4091983806590633
11.1299999999998072 1578.6567332561701278
11.1399999999998069 -1609.5354677109057775
11.1499999999998067 1643.0581519646063953
11.1599999999998065 -1675.2377937894900697
11.1699999999998063 1710.0876637161859435
11.1799999999998061 -1743.6213003381374165
11.1899999999998059 1779.8525157297115129
11.1999999999998057 -1814.7954009673258042
11.2099999999998055 1852.4643317684044632
11.2199999999998052 -1888.8739742380619191
11.2299999999998050 1928.0392907379268763
11.2399999999998048 -1965.9755458675790578
11.2499999999998046 2006.6983125726301296
11.2599999999998044 -2046.2234783704843721
11.2699999999998042 2088.5672517074494863
11.2799999999998040 -2129.7461684387822061
11.2899999999998037 2173.7770984450007745
11.2999999999998035 -2216.6772523765821461
11.3099999999998033 2262.4641885400642423
11.3199999999998031 -2307.1558199181845339
11.3299999999998029 2354.7704213367915145
11.3399999999998027 -2401.3266367716560126
11.3499999999998025 2450.8434868076578823
11.3599999999998023 -2499.3403762439625098
11.3699999999998020 2550.8371018574162008
11.3799999999998018 -2601.3538603182591942
11.3899999999998016 2654.9112562701466231
11.3999999999998014 -2707.5303105690650227
11.4099999999998012 2763.2324686929091513
11.4199999999998010 -2818.0396093167814797
11.4299999999998008 2875.9740530655803923
11.4399999999998006 -2933.0585714394046590
11.4499999999998003 2993.3163959231565059
11.4599999999998001 -3052.7712272763310466
11.4699999999997999 3115.4472450142097841
11.4799999999997997 -3177.3691170768993288
11.4899999999997995 3242.5620096972857027
11.4999999999997993 -3307.0515974647905750
11.5099999999997991 3374.8640735958774712
11.5199999999997988 -3442.0261604086258558
11.5299999999997986 3512.5651200122224509
11.5399999999997984 -3582.5087652091146992
11.5499999999997982 3655.8854706205870571
11.5599999999997980 -3728.7241840339383998
11.5699999999997978 3805.0544379819448295
11.5799999999997976 -3880.9063615532163567
11.5899999999997974 3960.3106924440735384
11.5999999999997971 -4039.2987892509790981
11.6099999999997969 4121.9026440141124112
11.6199999999997967 -4204.1548950115438856
11.6299999999997965 4290.0888398145743849
11.6399999999997963 -4375.7384486041264609
11.6499999999997961 4465.1383777587398072
11.6599999999997959 -4554.3239837144756166
11.6699999999997956 4647.3313371073190865
11.6799999999997954 -4740.1972371987685619
11.6899999999997952 4836.9592265952696835
11.6999999999997950 -4933.6556062625795676
11.7099999999997948 5034.3254508457730481
11.7199999999997946 -5135.0086242964107441
11.7299999999997944 5239.7457958176291868
11.7399999999997942 -5344.5784561291156933
11.7499999999997939 5453.5489340627937054
11.7599999999997937 -5562.7004134916278417
11.7699999999997935 5676.0769506024589646
11.7799999999997933 -5789.7234915157259820
11.7899999999997931 5907.6858902630883676
11.7999999999997929 -6026.0109271262499533
11.8099999999997927 6148.7463273481380384
11.8199999999997925 -6271.9407802201758386
11.8299999999997922 6399.6439585569451083
11.8399999999997920 -6527.9065385624535338
11.8499999999997918 6660.7802200994428858
11.8599999999997916 -6794.3177473664309218
11.8699999999997914 6932.5729299941003774
11.8799999999997912 -7071.6006645661946095
11.8899999999997910 7215.4569565767478707
11.8999999999997907 -7360.1989428292645243
11.9099999999997905 7509.8849142899180151
11.9199999999997903 -7660.5743394008613905
11.9299999999997901 7816.3278878659521069
11.9399999999997899 -7973.2074549154995111
11.9499999999997897 8135.2761860625723784
11.9599999999997895 -8298.5985023580033157
11.9699999999997893 8467.2401261568920745
11.9799999999997890 -8637.2681074042793625
11.9899999999997888 8812.7508504530633218
11.9999999999997886 -8989.7581414224023320
12.0099999999997884 9172.3611761099600699
12.0199999999997882 -9356.6325884668003710
12.0299999999997880 9546.6464796486325213
12.0399999999997878 -9738.4784476527456718
12.0499999999997875 9936.2056175547422754
12.0599999999997873 -10135.9066723549349263
12.0699999999997871 10341.6618844489403273
12.0799999999997869 -10549.5531477328931942
12.0899999999997867 10763.6640103582558368
12.0999999999997865 -10980.0797081472228456
12.1099999999997863 11202.8871986841440958
12.1199999999997861 -11428.1751960945894098
12.1299999999997858 11660.0342065279273811
12.1399999999997856 -11894.5565643557056319
12.1499999999997854 12135.8364691021561157
12.1599999999997852 -12379.9700231197912217
12.1699999999997850 12631.0552700269472552
12.1799999999997848 -12885.1922339208686026
12.1899999999997846 13146.4829593837821449
12.1999999999997844 -13411.0315522962191608
12.2099999999997841 13682.9442214756309113
12.2199999999997839 -13958.3293211552445428
12.2299999999997837 14241.2973943218403292
12.2399999999997835 -14527.9612169281172100
12.2499999999997833 14822.4358429989642900
12.2599999999997831 -15120.8386506480765092
12.2699999999997829 15427.2893890248869866
12.2799999999997826 -15737.9102262090727891
12.2899999999997824 16056.8257980732505530
12.2999999999997822 -16380.1632581320027384
12.3099999999997820 16712.0523283985312446
12.3199999999997818 -17048.6253512679431878
12.3299999999997816 17394.0173424492495542
12.3399999999997814 -17744.3660449659146252
12.3499999999997812 18103.8119842478845385
12.3599999999997809 -18468.4985243358314619
12.3699999999997807 18842.5719252213166328
12.3799999999997805 -19222.1814013446855824
12.3899999999997803 19611.4791812751027464
12.3999999999997801 -20006.6205685956883826
12.4099999999997799 20411.7640040189289721
12.4199999999997797 -20823.0711287564445229
12.4299999999997794 21244.7068491691861709
12.4399999999997792 -21672.8394027232134249
12.4499999999997790 22111.6404252781139803
12.4599999999997788 -22557.2850197343395848
12.4699999999997786 23013.9518260674885823
12.4799999999997784 -23477.8230927770382550
12.4899999999997782 23953.0847497785689484
12.4999999999997780 -24435.9264827681799943
12.5099999999997777 24930.5418090892962937
12.5199999999997775 -25433.1281551317515550
12.5299999999997773 25947.8869352945657738
12.5399999999997771 -26471.0236325435325853
12.5499999999997769 27006.7478805963073683
12.5599999999997767 -27551.2735477673850255
12.5699999999997765 28108.8188225070043700
12.5799999999997763 -28675.6063006676668010
12.5899999999997760 29255.8630745337104599
12.5999999999997758 -29845.8208236490136187
12.6099999999997756 30449.7159074796727509
12.6199999999997754 -31063.7894599482024205
12.6299999999997752 31692.2874858776012843
12.6399999999997750 -32331.4609593833083636
12.6499999999997748 32985.5659242529363837
12.6599999999997745 -33650.8635963534252369
12.6699999999997743 34331.6204681070739753
12.6799999999997741 -35024.1084150777096511
12.6899999999997739 35732.6048047101794509
12.6999999999997737 -36453.3926072661197395
12.7099999999997735 37190.7605090008219122
12.7199999999997733 -37941.0030276261531981
12.7299999999997731 38708.4206301058657118
12.7399999999997728 -39489.3198528303910280
12.7499999999997726 40288.0134242190833902
12.7599999999997724 -41100.8203897991552367
12.7699999999997722 41932.0662398110507638
12.7799999999997720 -42778.0830393915966852
12.7899999999997718 43643.2095613867131760
12.7999999999997716 -44523.7914218470687047
12.8099999999997713 45424.1812182605935959
12.8199999999997711 -46340.7386705774915754
12.8299999999997709 47277.8307650836941320
12.8399999999997707 -48231.8319011808416690
12.8499999999997705 49207.1240411309263436
12.8599999999997703 -50200.0968628260816331
12.8699999999997701 51215.1479156439672806
12.8799999999997699 -52248.6827794518394512
12.8899999999997696 53305.1152268220394035
12.8999999999997694 -54380.8673885247189901
12.9099999999997692 55480.3699223630246706
12.9199999999997690 -56600.0621854192431783
12.9299999999997688 57744.3924097797935246
12.9399999999997686 -58909.8178818104352104
12.9499999999997684 60100.8051250522112241
12.9599999999997681 -61313.8300868125224952
12.9699999999997679 62553.3783285247118329
12.9799999999997677 -63815.9452199535080581
12.9899999999997675 65106.0361373228515731
12.9999999999997673 -66420.1666654464206658
13.0099999999997671 67762.8628039407049073
13.0199999999997669 -69130.6611776040517725
13.0299999999997667 70528.1092510448652320
13.0399999999997664 -71951.7655476458457997
13.0499999999997662 73406.1998729507031385
13.0599999999997660 -74887.9935425638686866
13.0699999999997658 76401.7396146532555576
13.0799999999997656 -77944.0431271499983268
13.0899999999997654 79519.5213397392508341
13.0999999999997652 -81124.8039807395689422
13.1099999999997650 82764.5334989688271889
13.1199999999997647 -84435.3653206983290147
13.1299999999997645 86141.9681117967556929
13.1399999999997643 -87881.0240451701974962
13.1499999999997641 89657.2290736035647569
13.1599999999997639 -91467.2932081143371761
13.1699999999997637 93315.9408019281399902
13.1799999999997635 -95199.9108401914563728
13.1899999999997632 97123.9572355357959168
13.1999999999997630 -99084.8491296128922841
13.2099999999997628 101087.3712007203139365
13.2199999999997626 -103128.3239776417030953
13.2299999999997624 105212.5241598259890452
13.2399999999997622 -107336.8049440347385826
13.2499999999997620 109506.0163575873739319
13.2599999999997618 -111717.0255983382376144
13.2699999999997615 113974.7173815209098393
13.2799999999997613 -116275.9942935990693513
13.2899999999997611 118625.7771532648766879
13.2999999999997609 -121021.0053797296714038
13.3099999999997607 123466.6373684540594695
13.3199999999997605 -125959.6508744678285439
13.3299999999997603 128505.0434034327772679
13.3399999999997600 -131099.8326106051390525
13.3499999999997598 133749.0567078569729347
13.3599999999997596 -136449.7748789194156416
13.3699999999997594 139207.0677030137449037
13.3799999999997592 -142018.0375870399584528
13.3899999999997590 144887.8092064953525551
13.3999999999997588 -147813.5299552997748833
13.4099999999997586 150800.3704047073551919
13.4199999999997583 -153845.5247714880679268
13.4299999999997581 156954.2113955668755807
13.4399999999997579 -160123.6732273107336368
13.4499999999997577 163359.1783246592967771
13.4599999999997575 -166658.0203602971159853
13.4699999999997573 170025.5191390711697750
13.4799999999997571 -173459.0211258599592838
13.4899999999997569 176963.8999841055774596
13.4999999999997566 -180537.5571252241788898
13.5099999999997564 184185.4222691145550925
13.5199999999997562 -187904.9540159887692425
13.5299999999997560 191701.6404297541012056
13.5399999999997558 -195572.9996331789297983
13.5499999999997556 199524.5804150812618900
13.5599999999997554 -203553.9628497821686324
13.5699999999997551 207666.7589290725591127
13.5799999999997549 -211860.6132069450686686
13.5899999999997547 216141.2034573503769934
13.5999999999997545 -220506.2413452390755992
13.6099999999997543 224961.4731111599248834
13.6199999999997541 -229504.6802696854574606
13.6299999999997539 234141.6803219473513309
13.6399999999997537 -238870.3274825633561704
13.6499999999997534 243696.5134212498960551
13.6599999999997532 -248618.1680194133659825
13.6699999999997530 253641.2601420264400076
13.6799999999997528 -258763.7984250944282394
13.6899999999997526 263991.8320790302241221
13.6999999999997524 -269323.4517082556267269
13.7099999999997522 274764.7901473604724742
13.7199999999997519 -280314.0233141500502825
13.7299999999997517 285977.3710799264954403
13.7399999999997515 -291753.0981573471217416
13.7499999999997513 297647.5150062203756534
13.7599999999997511 -303658.9787575959344395
13.7699999999997509 309793.8941565242130309
13.7799999999997507 -316050.7145238568773493
13.7899999999997505 322435.9427374784718268
13.7999999999997502 -328948.1322333560092375
13.8099999999997500 335593.8880268126958981
13.8199999999997498 -342371.8677544285310432
13.8299999999997496 349288.7827369898441248
13.8399999999997494 -356343.3990639081457630
13.8499999999997492 363542.5386995461885817
13.8599999999997490 -370885.0806118900072761
13.8699999999997488 378377.9619240217725746
13.8799999999997485 -386020.1790888508548960
13.8899999999997483 393818.7890875758021139
13.8999999999997481 -401772.9106523538939655
13.9099999999997479 409889.7255136699532159
13.9199999999997477 -418168.4796729006920941
13.9299999999997475 426616.4847005860065110
13.9399999999997473 -435233.1190609241602942
13.9499999999997470 444025.8294630229938775
13.9599999999997468 -452994.1322394450544380
13.9699999999997466 462145.6147526007844135
13.9799999999997464 -471479.9368295490858145
13.9899999999997462 481004.8322257827385329
13.9999999999997460 -490720.1101185804000124
14.0099999999997458 500633.6566305259475484
14.0199999999997456 -510745.4363838014542125
14.0299999999997453 521063.4940858780173585
14.0399999999997451 -531587.9561472365166992
14.0499999999997449 542327.0323317674919963
14.0599999999997447 -553281.0174405071884394
14.0699999999997445 564458.2930293878307566
14.0799999999997443 -575859.3291616827482358
14.0899999999997441 587492.6861958551453426
14.0999999999997438 -599359.0166095169261098
14.1099999999997436 611467.0668602358782664
14.1199999999997434 -623817.6792839263798669
14.1299999999997432 636419.7940315929008648
14.1399999999997430 -649274.4510451901005581
14.1499999999997428 662390.7920734004583210
14.1599999999997426 -675770.0627281260676682
14.1699999999997424 689421.6145825254498050
14.1799999999997421 -703346.9073114270577207
14.1899999999997419 717555.5108749825740233
14.1999999999997417 -732049.1077464263653383
14.2099999999997415 746837.4951848395867273
14.2199999999997413 -761922.5875538199907169
14.2299999999997411 777314.4186869923723862
14.2399999999997409 -793015.1443012997042388
14.2499999999997407 809035.0444590443512425
14.2599999999997404 -825376.5260796614456922
14.2699999999997402 842050.1255022308323532
14.2799999999997400 -859058.5110997506417334
14.2899999999997398 876412.4859462208114564
14.2999999999997396 -894114.9905375994276255
14.3099999999997394 912177.1055677247932181
14.3199999999997392 -930602.0547603084705770
14.3299999999997389 949401.2077581371413544
14.3399999999997387 -968578.0830706339329481
14.3499999999997385 988144.3510809624567628
14.3599999999997383 -1008103.8371138724032789
14.3699999999997381 1028468.5245655173202977
14.3799999999997379 -1049242.5580964931286871
14.3899999999997377 1070438.2468893770128489
14.3999999999997375 -1092060.0679720682092011
14.4099999999997372 1114120.6696082598064095
14.4199999999997370 -1136624.8747563986107707
14.4299999999997368 1159585.6845985157415271
14.4399999999997366 -1183008.2821403392590582
14.4499999999997364 1206906.0358841293491423
14.4599999999997362 -1231284.5035757045261562
14.4699999999997360 1256157.4360271575860679
14.4799999999997357 -1281530.7810167907737195
14.4899999999997355 1307418.6872678291983902
14.4999999999997353 -1333827.5085075038950890
14.5099999999997351 1360771.8076081294566393
14.5199999999997349 -1388258.3608118291012943
14.5299999999997347 1416302.1620406026486307
14.5399999999997345 -1444910.4272934531327337
14.5499999999997343 1474098.5991323408670723
14.5599999999997340 -1503874.3512587468139827
14.5699999999997338 1534253.5931826906744391
14.5799999999997336 -1565244.4749860544689000
14.5899999999997334 1596863.3921821329277009
14.5999999999997332 -1629118.9906733396928757
14.6099999999997330 1662028.1718090665526688
14.6199999999997328 -1695600.0975457024760544
14.6299999999997326 1729852.1957108946517110
14.6399999999997323 -1764794.1653741381596774
14.6499999999997321 1800443.9823258602991700
14.6599999999997319 -1836811.9046671725809574
14.6699999999997317 1873916.4785125472117215
14.6799999999997315 -1911768.5438076744321734
14.6899999999997313 1950387.2402648541610688
14.6999999999997311 -1989784.0134182686451823
14.7099999999997308 2029978.6208015847951174
14.7199999999997306 -2070983.1382503320928663
14.7299999999997304 2112817.9663315978832543
14.7399999999997302 -2155495.8369035958312452
14.7499999999997300 2199037.8198077417910099
14.7599999999997298 -2243457.3296959055587649
14.7699999999997296 2288776.1329955779947340
14.7799999999997294 -2335008.3550157286226749
14.7899999999997291 2382176.4871962070465088
14.7999999999997289 -2430295.3945035766810179
14.8099999999997287 2479388.3229763503186405
14.8199999999997285 -2529470.9074226305820048
14.8299999999997283 2580567.1792732556350529
14.8399999999997281 -2632693.5745935607701540
14.8499999999997279 2685874.9422569982707500
14.8599999999997276 -2740128.5522838407196105
14.8699999999997274 2795480.1043483517132699
14.8799999999997272 -2851947.7364577748812735
14.8899999999997270 2909558.0338066625408828
14.8999999999997268 -2968330.0378100415691733
14.9099999999997266 3028291.2553190640173852
14.9199999999997264 -3089461.6680228039622307
14.9299999999997262 3151869.7420399761758745
14.9399999999997259 -3215536.4377044029533863
14.9499999999997257 3280491.2195481522940099
14.9599999999997255 -3346756.0664863288402557
14.9699999999997253 3414361.4822076056152582
14.9799999999997251 -3483330.5057746330276132
14.9899999999997249 3553694.7224385910667479
14.9999999999997247 -3625478.2746721766889095
15.0099999999997245 3698713.8734254781156778
15.0199999999997242 -3773426.8096091956831515
15.0299999999997240 3849650.9658098458312452
15.0399999999997238 -3927412.8282415894791484
15.0499999999997236 4006747.4989395095035434
15.0599999999997234 -4087682.7081991699524224
15.0699999999997232 4170254.8272674763575196
15.0799999999997230 -4254492.8812898686155677
15.0899999999997227 4340434.5625190706923604
15.0999999999997225 -4428110.2437906311824918
15.1099999999997223 4517558.9922706959769130
15.1199999999997221 -4608812.5834814589470625
15.1299999999997219 4701911.5156099544838071
15.1399999999997217 -4796889.0241058571264148
15.1499999999997215 4893787.0965741891413927
15.1599999999997213 -4992640.4879688248038292
15.1699999999997210 5093492.7360929418355227
15.1799999999997208 -5196380.1774125425145030
15.1899999999997206 5301347.9631894435733557
15.1999999999997204 -5408434.0759401200339198
15.2099999999997202 5517685.3462270479649305
15.2199999999997200 -5629141.4697892023250461
15.2299999999997198 5742851.0250186156481504
15.2399999999997195 -5858855.4907899470999837
15.2499999999997193 5977205.2646502135321498
15.2599999999997191 -6097943.6813759552314878
15.2699999999997189 6221123.0319052515551448
15.2799999999997187 -6346788.5826521655544639
15.2899999999997185 6474994.5952113382518291
15.2999999999997183 -6605788.3464606190100312
15.3099999999997181 6739226.1490697627887130
15.3199999999997178 -6875357.3724234094843268
15.3299999999997176 7014240.4639666993170977
15.3399999999997174 -7155926.9709820775315166
15.3499999999997172 7300477.5628059823065996
15.3599999999997170 -7447946.0534943165257573
15.3699999999997168 7598395.4249457549303770
15.3799999999997166 -7751881.8504921467974782
15.3899999999997164 7908470.7189654409885406
15.3999999999997161 -8068220.6592507641762495
15.4099999999997159 8231199.5653354711830616
15.4199999999997157 -8397468.6218641828745604
15.4299999999997155 8567098.3302100393921137
15.4399999999997153 -8740152.5350725837051868
15.4499999999997151 8916704.4516129419207573
15.4599999999997149 -9096820.6931371018290520
15.4699999999997146 9280577.2993384264409542
15.4799999999997144 -9468043.7651106379926205
15.4899999999997142 9659299.0699428524821997
15.4999999999997140 -9854415.7079083528369665
15.5099999999997138 10053475.7182591874152422
15.5199999999997136 -10256554.7166387196630239
15.5299999999997134 10463737.9269247353076935
15.5399999999997132 -10675104.2137157097458839
15.5499999999997129 10890742.1154733635485172
15.5599999999997127 -11110733.8783346451818943
15.5699999999997125 11335171.4906067494302988
15.5799999999997123 -11564140.7179589159786701
15.5899999999997121 11797737.1393251065164804
15.5999999999997119 -12036050.1835319194942713
15.6099999999997117 12279179.1666663829237223
15.6199999999997114 -12527217.3301985748112202
15.6299999999997112 12780267.8798743262887001
15.6399999999997110 -13038428.0253935474902391
15.6499999999997108 13301805.0208900682628155
15.6599999999997106 -13570500.2062291502952576
15.6699999999997104 13844625.0491392351686954
15.6799999999997102 -14124285.1881947200745344
15.6899999999997100 14409596.4766670241951942
15.6999999999997097 -14700669.0272614005953074
15.7099999999997095 14997623.2577574811875820
15.7199999999997093 -15300573.9375717006623745
15.7299999999997091 15609646.2352603487670422
15.7399999999997089 -15924959.7669821139425039
15.7499999999997087 16246644.6459396332502365
15.7599999999997085 -16574825.5328196994960308
15.7699999999997083 16909637.6872524209320545
15.7799999999997080 -17251211.0203097946941853
15.7899999999997078 17599686.1480648145079613
15.7999999999997076 -17955198.4462323859333992
15.8099999999997074 18317894.1059141084551811
15.8199999999997072 -18687914.1904689520597458
15.8299999999997070 19065410.6935328654944897
15.8399999999997068 -19450530.5982102677226067
15.8499999999997065 19843431.9374612756073475
15.8599999999997063 -20244267.8557087182998657
15.8699999999997061 20653202.6716896258294582
15.8799999999997059 -21070395.9425763040781021
15.8899999999997057 21496018.5293926782906055
15.8999999999997055 -21930236.6637520119547844
15.9099999999997053 22373228.0159427598118782
15.9199999999997051 -22825165.7643897235393524
15.9299999999997048 23286234.6665183492004871
15.9399999999997046 -23756615.1310504563152790
15.9499999999997044 24236499.2917603664100170
15.9599999999997042 -24726075.0827208720147610
15.9699999999997040 25225542.3150692023336887
15.9799999999997038 -25735096.7553236410021782
15.9899999999997036 26254946.2052821479737759
15.9999999999997033 -26785294.5835349261760712
16.0099999999997031 27326358.0086235441267490
16.0199999999997047 -27878348.8838798664510250
16.0299999999997063 28441491.9839787371456623
16.0399999999997078 -29016008.5432390160858631
16.0499999999997094 29602132.3457082994282246
16.0599999999997110 -30200093.8170673474669456
16.0699999999997125 30810136.1183909922838211
16.0799999999997141 -31432499.2418029867112637
16.0899999999997156 32067436.1080631129443645
16.0999999999997172 -32715196.6661255098879337
16.1099999999997188 33376043.9947081319987774
16.1199999999997203 -34050238.4059138372540474
16.1299999999997219 34738053.5509446859359741
16.1399999999997235 -35439760.5279516279697418
16.1499999999997250 36155643.9920627474784851
16.1599999999997266 -36885986.2676341384649277
16.1699999999997281 37631083.4627681151032448
16.1799999999997297 -38391229.5861448645591736
16.1899999999997313 39166732.6662139073014259
16.1999999999997328 -39957898.8727934211492538
16.2099999999997344 40765048.6411256417632103
16.2199999999997360 -41588500.7984384447336197
16.2299999999997375 42428588.6930631771683693
16.2399999999997391 -43285644.3261609748005867
16.2499999999997407 44160014.4861096143722534
16.2599999999997422 -45052044.8856053575873375
16.2699999999997438 45962096.3015338256955147
16.2799999999997453 -46890528.7176667079329491
16.2899999999997469 47837717.4702404960989952
16.2999999999997485 -48804037.3964763283729553
16.3099999999997500 49789878.9860995486378670
16.3199999999997516 -50795632.5359203070402145
16.3299999999997532 51821704.3075363636016846
16.3399999999997547 -52868500.6882217600941658
16.3499999999997563 53936444.3550652340054512
16.3599999999997578 -55025958.4424243718385696
16.3699999999997594 56137482.7127622067928314
16.3799999999997610 -57271457.7309348583221436
16.3899999999997625 58428341.0419996008276939
16.3999999999997641 -59608591.3526148423552513
16.4099999999997657 60812684.7161041945219040
16.4199999999997672 -62041098.7212590128183365
16.4299999999997688 63294328.6849545538425446
16.4399999999997704 -64572871.8486571982502937
16.4499999999997719 65877243.5789008438587189
16.4599999999997735 -67207961.5718132257461548
16.4699999999997750 68565562.0617733746767044
16.4799999999997766 -69950584.0342841595411301
16.4899999999997782 71363585.4431447386741638
16.4999999999997797 -72805127.4320099502801895
16.5099999999997813 74275790.5604251325130463
16.5199999999997829 -75776159.0344269573688507
16.5299999999997844 77306836.9418022036552429
16.5399999999997860 -78868432.4920990467071533
16.5499999999997875 80461574.2614861726760864
16.5599999999997891 -82086895.4425584971904755
16.5699999999997907 83745050.0991885066032410
16.5799999999997922 -85436697.4265260398387909
16.5899999999997938 87162518.0162495523691177
16.5999999999997954 -88923198.1271760165691376
16.6099999999997969 90719445.9613365978002548
16.6199999999997985 -92551975.9456294775009155
16.6299999999998001 94421525.0191617757081985
16.6399999999998016 -96328836.9263959527015686
16.6499999999998032 98274678.5162176191806793
16.6599999999998047 -100259824.0470446646213531
16.6699999999998063 102285071.4980994015932083
16.6799999999998079 -104351226.8869686424732208
16.6899999999998094 106459120.5935781449079514
16.6999999999998110 -108609591.6907117664813995
16.7099999999998126 110803504.2812066078186035
16.7199999999998141 -113041731.8419600278139114
16.7299999999998157 115325173.5748850107192993
16.7399999999998172 -117654738.7649554312229156
16.7499999999998188 120031363.1454832255840302
16.7599999999998204 -122455993.2707747668027878
16.7699999999998219 124929602.8963142186403275
16.7799999999998235 -127453177.3666273355484009
16.7899999999998251 130027730.0109793096780777
16.7999999999998266 -132654286.5470665097236633
16.8099999999998282 135333901.4928619563579559
16.8199999999998298 -138067642.5867809951305389
16.8299999999998313 140856607.2163332104682922
16.8399999999998329 -143701906.8554343283176422
16.8499999999998344 146604683.5105505883693695
16.8599999999998360 -149566094.1758563518524170
16.8699999999998376 152587327.2975848317146301
16.8799999999998391 -155669587.2477597594261169
16.8899999999998407 158814110.8074952363967896
16.8999999999998423 -162022151.6600595712661743
16.9099999999998438 165294996.8938976228237152
16.9199999999998454 -168633951.5158154666423798
16.9299999999998469 172040354.9745302498340607
16.9399999999998485 -175515565.6947966814041138
16.9499999999998501 179060977.6223221123218536
16.9599999999998516 -182678004.7796895802021027
16.9699999999998532 186368097.8335096836090088
16.9799999999998548 -190132728.6730299592018127
16.9899999999998563 193973407.0004308819770813
16.9999999999998579 -197891664.9330472052097321
17.0099999999998595 201889073.6177527606487274
17.0199999999998610 -205967227.8577573299407959
17.0299999999998626 210127762.7520630657672882
17.0399999999998641 -214372338.3478398621082306
17.0499999999998657 218702656.3059766590595245
17.0599999999998673 -223120444.5800789296627045
17.0699999999998688 227627474.1091798245906830
17.0799999999998704 -232225543.5244461297988892
17.0899999999998720 236916495.8701576590538025
17.0999999999998735 -241702203.3392524421215057
17.1099999999998751 246584584.0237277448177338
17.1199999999998766 -251565586.6802015602588654
17.1299999999998782 256647207.5109358131885529
17.1399999999998798 -261831474.9606389999389648
17.1499999999998813 267120466.5293613672256470
17.1599999999998829 -272516293.6018134355545044
17.1699999999998845 278021118.2934339046478271
17.1799999999998860 -283637138.3135507702827454
17.1899999999998876 289366603.8459759354591370
17.1999999999998892 -295211802.4473897814750671
17.2099999999998907 301175075.9638715386390686
17.2199999999998923 -307258805.4659446477890015
17.2299999999998938 313465428.2025093436241150
17.2399999999998954 -319797422.5740450024604797
17.2499999999998970 326257325.1254711151123047
17.2599999999998985 -332847715.5590638518333435
17.2699999999999001 339571233.7678336501121521
17.2799999999999017 -346430564.8897771835327148
17.2899999999999032 353428456.3834247589111328
17.2999999999999048 -360567703.1251142024993896
17.3099999999999064 367851164.5284293293952942
17.3199999999999079 -375281749.6862514019012451
17.3299999999999095 382862434.5358793735504150
17.3399999999999110 -390596247.0476865768432617
17.3499999999999126 398486284.4377868175506592
17.3599999999999142 -406535698.4051980376243591
17.3699999999999157 414747712.3939947485923767
17.3799999999999173 -423125606.8809578418731689
17.3899999999999189 431672736.6892330646514893
17.3999999999999204 -440392516.3285271525382996
17.4099999999999220 449288437.3623741269111633
17.4199999999999235 -458364053.8030221462249756
17.4299999999999251 467622999.5344949960708618
17.4399999999999267 -477068973.7644019722938538
17.4499999999999282 486705758.5050710439682007
17.4599999999999298 -496537204.0846047997474670
17.4699999999999314 506567246.6884552240371704
17.4799999999999329 -516799893.9321430325508118
17.4899999999999345 527239242.4657409191131592
17.4999999999999361 -537889463.6107726097106934
17.5099999999999376 548754821.0301718711853027
17.5199999999999392 -559839656.4319795370101929
17.5299999999999407 571148407.3074510097503662
17.5399999999999423 -582685592.7042776346206665
17.5499999999999439 594455831.0356221199035645
17.5599999999999454 -606463825.9257025718688965
17.5699999999999470 618714384.0926501750946045
17.5799999999999486 -631212401.2694085836410522
17.5899999999999501 643962880.1634265184402466
17.5999999999999517 -656970916.4559456110000610
17.6099999999999532 670241716.8416643142700195
17.6199999999999548 -683780585.1096122264862061
17.6299999999999564 697592940.2660487890243530
17.6399999999999579 -711684302.7002542018890381
17.6499999999999595 726060312.3940589427947998
17.6599999999999611 -740726715.1760165691375732
17.6699999999999626 755689381.0210995674133301
17.6799999999999642 -770954290.3968605995178223
17.6899999999999658 786527552.6569739580154419
17.6999999999999673 -802415392.4831395149230957
17.7099999999999689 818624168.3762995004653931
17.7199999999999704 -835160359.1981915235519409
17.7299999999999720 852030582.7642271518707275
17.7399999999999736 -869241582.4887605905532837
17.7499999999999751 886800246.0837775468826294
17.7599999999999767 -904713592.3121117353439331
17.7699999999999783 922988789.7962620258331299
17.7799999999999798 -941633143.8839621543884277
17.7899999999999814 960654115.5716204643249512
17.7999999999999829 -980059308.4868270158767700
17.8099999999999845 999856487.9310935735702515
17.8199999999999861 -1020053567.9840707778930664
17.8299999999999876 1040658630.6704564094543457
17.8399999999999892 -1061679913.1908890008926392
17.8499999999999908 1083125827.2180919647216797
17.8599999999999923 -1105004946.2596125602722168
17.8699999999999939 1127326025.0884764194488525
17.8799999999999955 -1150097987.2431516647338867
17.8899999999999970 1173329944.5982024669647217
17.8999999999999986 -1197031185.0070798397064209
17.9100000000000001 1221211192.0184855461120605
17.9200000000000017 -1245879632.6678192615509033
17.9300000000000033 1271046377.3451983928680420
17.9400000000000048 -1296721487.7416272163391113
17.9500000000000064 1322915236.8748633861541748
17.9600000000000080 -1349638097.1966216564178467
17.9700000000000095 1376900760.7827281951904297
17.9800000000000111 -1404714127.6079308986663818
17.9900000000000126 1433089325.9070453643798828
18.0000000000000142 -1462037700.6242127418518066
18.0100000000000158 1491570833.9520139694213867
18.0200000000000173 -1521700533.9622933864593506
18.0300000000000189 1552438855.3305056095123291
18.0400000000000205 -1583798088.1555135250091553
18.0500000000000220 1615790778.8767261505126953
18.0600000000000236 -1648429719.2905826568603516
18.0700000000000252 1681727967.6683495044708252
18.0800000000000267 -1715698837.9773166179656982
18.0900000000000283 1750355921.2074422836303711
18.1000000000000298 -1785713074.8056142330169678
18.1100000000000314 1821784444.2196669578552246
18.1200000000000330 -1858584452.5544009208679199
18.1300000000000345 1896127822.3418428897857666
18.1400000000000361 -1934429565.4280745983123779
18.1500000000000377 1973505004.9789657592773438
18.1600000000000392 -2013369765.6072332859039307
18.1700000000000408 2054039795.6232550144195557
18.1800000000000423 -2095531357.4121634960174561
18.1900000000000439 2137861049.9397416114807129
18.2000000000000455 -2181045799.3897533416748047
18.2100000000000470 2225102881.9353318214416504
18.2200000000000486 -2270049914.6471667289733887
18.2300000000000502 2315904878.5412182807922363
18.2400000000000517 -2362686109.7688155174255371
18.2500000000000533 2410412322.9519710540771484
18.2600000000000549 -2459102602.6668944358825684
18.2700000000000564 2508776427.0786466598510742
18.2800000000000580 -2559453659.7300405502319336
18.2900000000000595 2611154573.4878482818603516
18.3000000000000611 -2663899842.6495542526245117
18.3100000000000627 2717710567.2138304710388184
18.3200000000000642 -2772608265.3181076049804688
18.3300000000000658 2828614897.8465547561645508
18.3400000000000674 -2885752861.2119698524475098
18.3500000000000689 2944045012.3150334358215332
18.3600000000000705 -3003514661.6845712661743164
18.3700000000000720 3064185598.8024163246154785
18.3800000000000736 -3126082085.6166677474975586
18.3900000000000752 3189228882.2470831871032715
18.4000000000000767 -3253651240.8865509033203125
18.4100000000000783 3319374931.9025454521179199
18.4200000000000799 -3386426238.1426525115966797
18.4300000000000814 3454831981.4482517242431641
18.4400000000000830 -3524619517.3805828094482422
18.4500000000000846 3595816762.1634750366210938
18.4600000000000861 -3668452187.8471217155456543
18.4700000000000877 3742554849.6973600387573242
18.4800000000000892 -3818154381.8150162696838379
18.4900000000000908 3895281024.9899606704711914
18.5000000000000924 -3973965622.7946147918701172
18.5100000000000939 4054239649.9217453002929688
18.5200000000000955 -4136135208.7714843750000000
18.5300000000000971 4219685058.2926044464111328
18.5400000000000986 -4304922611.0831890106201172
18.5500000000001002 4391881962.7559318542480469
18.5600000000001017 -4480597889.5734262466430664
18.5700000000001033 4571105878.3588685989379883
18.5800000000001049 -4663442124.6877813339233398
18.5900000000001064 4757643563.3663797378540039
18.6000000000001080 -4853747867.2024364471435547
18.6100000000001096 4951793478.0744771957397461
18.6200000000001111 -5051819606.3054151535034180
18.6300000000001127 5153866262.3466939926147461
18.6400000000001143 -5257974256.7792825698852539
18.6500000000001158 5364185232.6378650665283203
18.6600000000001174 -5472541666.0647974014282227
18.6700000000001189 5583086899.3004570007324219
18.6800000000001205 -5695865142.0168161392211914
18.6900000000001221 5810921505.0011301040649414
18.7000000000001236 -5928302002.1968612670898438
18.7100000000001252 6048053585.1090049743652344
18.7200000000001268 -6170224145.5812215805053711
18.7300000000001283 6294862550.9522542953491211
18.7400000000001299 -6422018647.5993118286132812
18.7500000000001315 6551743296.8762264251708984
18.7600000000001330 -6684088379.4543609619140625
18.7700000000001346 6819106832.0744009017944336
18.7800000000001361 -6956852652.7173366546630859
18.7900000000001377 7097380938.2030944824218750
18.8000000000001393 -7240747890.2254600524902344
18.8100000000001408 7387010853.8321132659912109
18.8200000000001424 -7536228324.3587446212768555
18.8300000000001440 7688459986.8264627456665039
18.8400000000001455 -7843766723.8118028640747070
18.8500000000001471 8002210655.7989349365234375
18.8600000000001486 -8163855150.0237598419189453
18.8700000000001502 8328764861.8198852539062500
18.8800000000001518 -8497005744.4765548706054688
18.8900000000001533 8668645091.6189479827880859
18.9000000000001549 -8843751548.1213130950927734
18.9100000000001565 9022395153.5638008117675781
18.9200000000001580 -9204647354.2438659667968750
18.9300000000001596 9390581047.7535552978515625
18.9400000000001612 -9580270596.1340084075927734
18.9500000000001627 9773791871.6189155578613281
18.9600000000001643 -9971222270.9787654876708984
18.9700000000001658 10172640762.4780654907226562
18.9800000000001674 -10378127901.4578876495361328
18.9900000000001690 10587765878.5563812255859375
19.0000000000001705 -10801638536.5801429748535156
19.0100000000001721 11019831420.0395870208740234
19.0200000000001737 -11242431793.3617267608642578
19.0300000000001752 11469528691.7940559387207031
19.0400000000001768 -11701212941.0134887695312500
19.0500000000001783 11937577209.4545955657958984
19.0600000000001799 -12178716029.3716735839843750
19.0700000000001815 12424725850.6494617462158203
19.0800000000001830 -12675705063.3776512145996094
19.0900000000001846 12931754053.2045669555664062
19.1000000000001862 -13192975225.4858341217041016
19.1100000000001877 13459473062.2439994812011719
19.1200000000001893 -13731354147.9555931091308594
19.1300000000001909 14008727228.1822223663330078
19.1400000000001924 -14291703237.0628814697265625
19.1500000000001940 14580395357.6847381591796875
19.1600000000001955 -14874919051.3502712249755859
19.1700000000001971 15175392119.7587490081787109
19.1800000000001987 -15481934736.1206207275390625
19.1900000000002002 15794669509.2235736846923828
19.2000000000002018 -16113721516.4695644378662109
19.2100000000002034 16439218369.9023571014404297
19.2200000000002049 -16771290251.2456588745117188
19.2300000000002065 17110069979.9721832275390625
19.2400000000002080 -17455693050.4245452880859375
19.2500000000002096 17808297702.0091667175292969
19.2600000000002112 -18168024958.4849128723144531
19.2700000000002127 18535018700.3685646057128906
19.2800000000002143 -18909425706.4796562194824219
19.2900000000002159 19291395728.6477508544921875
19.3000000000002174 -19681081535.6055679321289062
19.3100000000002190 20078638990.0919723510742188
19.3200000000002206 -20484227095.1892471313476562
19.3300000000002221 20898008073.9195404052734375
19.3400000000002237 -21320147418.1260299682617188
19.3500000000002252 21750813970.6645812988281250
19.3600000000002268 -22190179976.9326133728027344
19.3700000000002284 22638421169.7618865966796875
19.3800000000002299 -23095716823.7030906677246094
19.3900000000002315 23562249842.7300109863281250
19.4000000000002331 -24038206817.3922920227050781
19.4100000000002346 24523778115.4457015991210938
19.4200000000002362 -25019157941.9901199340820312
19.4300000000002377 25524544433.1453056335449219
19.4400000000002393 -26040139719.2959327697753906
19.4500000000002409 26566150021.9371414184570312
19.4600000000002424 -27102785720.1534194946289062
19.4700000000002440 27650261450.7632789611816406
19.4800000000002456 -28208796178.1639518737792969
19.4900000000002471 28778613297.9098358154296875
19.5000000000002487 -29359940710.0603446960449219
19.5100000000002503 29953010926.3322486877441406
19.5200000000002518 -30558061147.0936355590820312
19.5300000000002534 31175333372.2359924316406250
19.5400000000002549 -31805074481.9630737304687500
19.5500000000002565 32447536351.5345153808593750
19.5600000000002581 -33102975936.0044555664062500
19.5700000000002596 33771655388.9946937561035156
19.5800000000002612 -34453842151.5442428588867188
19.5900000000002628 35149809075.0764617919921875
19.6000000000002643 -35859834514.5272979736328125
19.6100000000002659 36584202455.6775512695312500
19.6200000000002674 -37323202612.7343978881835938
19.6300000000002690 38077130560.2069244384765625
19.6400000000002706 -38846287835.1226730346679688
19.6500000000002721 39630982073.6318283081054688
19.6600000000002737 -40431527118.0479431152343750
19.6700000000002753 41248243158.3737487792968750
19.6800000000002768 -42081456844.3628921508789062
19.6900000000002784 42931501432.1682662963867188
19.7000000000002800 -43798716901.6296234130859375
19.7100000000002815 44683450108.2534484863281250
19.7200000000002831 -45586054905.9397583007812500
19.7300000000002846 46506892304.5110397338867188
19.7400000000002862 -47446330598.1001968383789062
19.7500000000002878 48404745528.4550476074218750
19.7600000000002893 -49382520419.2183990478515625
19.7700000000002909 50380046345.2437820434570312
19.7800000000002925 -51397722273.0081481933593750
19.7900000000002940 52435955236.1841049194335938
19.8000000000002956 -53495160482.4355163574218750
19.8100000000002971 54575761655.5015258789062500
19.8200000000002987 -55678190948.6355743408203125
19.8300000000003003 56802889293.4669494628906250
19.8400000000003018 -57950306520.3542556762695312
19.8500000000003034 59120901554.3011169433593750
19.8600000000003050 -60315142582.5063018798828125
19.8700000000003065 61533507257.6213684082031250
19.8800000000003081 -62776482872.7911529541015625
19.8900000000003097 64044566572.5530166625976562
19.9000000000003112 -65338265535.6732711791992188
19.9100000000003128 66658097193.9999465942382812
19.9200000000003143 -68004589423.4132690429687500
19.9300000000003159 69378280770.9564819335937500
19.9400000000003175 -70779720654.2315216064453125
19.9500000000003190 72209469597.1457366943359375
19.9600000000003206 -73668099438.0973510742187500
19.9700000000003222 75156193574.6896362304687500
19.9800000000003237 -76674347181.0649414062500000
19.9900000000003253 78223167461.9522399902343750
20.0000000000003268 -79803273879.5230255126953125
