0.0000000000000000 1.0000000000000000
0.1000000000000000 0.9107013790800849
0.2000000000000000 0.8357194483679661
0.3000000000000000 0.7764135997328985
0.4000000000000000 0.7251540084748067
0.5000000000000000 0.6863519963429758
0.6000000000000000 0.6506132099376164
0.7000000000000000 0.6261067123679293
0.7999999999999999 0.6001705249904447
0.8999999999999999 0.5860385023717514
0.9999999999999999 0.5657551240417441
1.0999999999999999 0.5597364527550537
1.2000000000000000 0.5418605429397226
1.3000000000000000 0.5429922355791647
1.4000000000000001 0.5246636487080568
1.5000000000000002 0.5331267760959419
1.6000000000000003 0.5114129382696800
1.7000000000000004 0.5285616007880699
1.8000000000000005 0.4999882979544521
1.9000000000000006 0.5285662816062890
2.0000000000000004 0.4885617853119365
2.1000000000000005 0.5331415674815144
2.2000000000000006 0.4753051583193307
2.3000000000000007 0.5430195041537821
2.4000000000000008 0.4580973566578179
2.5000000000000009 0.5597805614906549
2.6000000000000010 0.4341851320615560
2.7000000000000011 0.5861065086660325
2.8000000000000012 0.3997425285951429
2.9000000000000012 0.6262094972279754
3.0000000000000013 0.3492587297039528
3.1000000000000014 0.6865060053463943
3.2000000000000015 0.2746563275653950
3.3000000000000016 0.7766434743202363
3.4000000000000017 0.1639989378373005
3.5000000000000018 0.9110438991853160
3.6000000000000019 -0.0004186218368259
3.7000000000000020 1.1112113479200465
3.8000000000000020 -0.2449031610048445
3.9000000000000021 1.4091726123219843
4.0000000000000018 -0.6085722059336383
4.1000000000000014 1.8526014946954397
4.2000000000000011 -1.1496128038118143
4.3000000000000007 2.5124466162201653
4.4000000000000004 -1.9545914502998805
4.5000000000000000 3.4942831963401177
4.5999999999999996 -3.1523047288359276
4.6999999999999993 4.9552050878744893
4.7999999999999989 -4.9343867639857235
4.8999999999999986 7.1289597934687787
4.9999999999999982 -7.5859706813732348
5.0999999999999979 10.3633480660180730
5.1999999999999975 -11.5313099077804644
5.2999999999999972 15.1758720291302591
5.3999999999999968 -17.4016587194325680
5.4999999999999964 22.3365355169032860
5.5999999999999961 -26.1362729261938824
5.6999999999999957 32.9910446873808354
5.7999999999999954 -39.1326908011462180
5.8999999999999950 48.8441210078393198
5.9999999999999947 -58.4703392042819488
6.0999999999999943 72.4322566895521049
6.1999999999999940 -87.2432418801028007
6.2999999999999936 107.5295534415932366
6.3999999999999932 -130.0550632567400839
6.4999999999999929 159.7515787442892758
6.5999999999999925 -193.7556947544557886
6.6999999999999922 237.4538566460715856
6.7999999999999918 -288.5372374128844513
6.8999999999999915 353.0687516112253661
6.9999999999999911 -429.5647380573745977
7.0999999999999908 525.0946468341752507
7.1999999999999904 -639.4025967910447434
7.2999999999999901 781.0556855505931253
7.3999999999999897 -951.6248710112820390
7.4999999999999893 1161.9056339551059409
7.5999999999999890 -1416.1871245933243699
7.6999999999999886 1728.5804837924356434
7.7999999999999883 -2107.4193181102987182
7.8999999999999879 2571.7482110365554036
7.9999999999999876 -3135.9186025249209706
8.0999999999999872 3826.3156520465236099