0.0000000000000000 1.0000000000000000
0.0050000000000000 0.9950250835420840
0.0100000000000000 0.9900994983291583
0.0150000000000000 0.9852230935755008
0.0200000000000000 0.9803950364576484
0.0250000000000000 0.9756151928463478
0.0300000000000000 0.9708827326007214
0.0350000000000000 0.9661975381943334
0.0400000000000000 0.9615587818368347
0.0450000000000000 0.9569663625575967
0.0500000000000000 0.9524194545856828
0.0550000000000000 0.9479179734658830
0.0600000000000000 0.9434610951163651
0.0650000000000000 0.9390487515635557
0.0700000000000000 0.9346801200850940
0.0750000000000000 0.9303551491618538
0.0800000000000000 0.9260730171018570
0.0850000000000000 0.9218336888198166
0.0900000000000000 0.9176363433254606
0.0950000000000000 0.9134809619533074
0.1000000000000000 0.9093667240863945
0.1050000000000000 0.9052936274715795
0.1100000000000000 0.9012608515369629
0.1150000000000000 0.8972684104408403
0.1200000000000000 0.8933154833281460
0.1250000000000000 0.8894021007742774
0.1300000000000000 0.8855274413126605
0.1350000000000000 0.8816915519480242
0.1400000000000000 0.8778936102736999
0.1450000000000000 0.8741336797425502
0.1500000000000000 0.8704109366788489
0.1550000000000001 0.8667254610089732
0.1600000000000001 0.8630764274586695
0.1650000000000001 0.8594639324597998
0.1700000000000001 0.8558871488094735
0.1750000000000001 0.8523461894836103
0.1800000000000001 0.8488402250198013
0.1850000000000001 0.8453693849832142
0.1900000000000001 0.8419328373201370
0.1950000000000001 0.8385307282368115
0.2000000000000001 0.8351622227554008
0.2050000000000001 0.8318274837817035
0.2100000000000001 0.8285256730797667
0.2150000000000001 0.8252569703201081
0.2200000000000001 0.8220205336733645
0.2250000000000001 0.8188165596466408
0.2300000000000001 0.8156442024804317
0.2350000000000001 0.8125036755970322
0.2400000000000001 0.8093941289684911
0.2450000000000001 0.8063157930176623
0.2500000000000001 0.8032678131081378
0.2550000000000001 0.8002504367554996
0.2600000000000001 0.7972628043730278
0.2650000000000001 0.7943051806680390
0.2700000000000001 0.7913767007596670
0.2750000000000001 0.7884776466528457
0.2800000000000001 0.7856071478266101
0.2850000000000001 0.7827655036963135
0.2900000000000001 0.7799518377526838
0.2950000000000002 0.7771664669412598
0.3000000000000002 0.7744085084138587
0.3050000000000002 0.7716782967729826
0.3100000000000002 0.7689749424783990
0.3150000000000002 0.7662987979234146
0.3200000000000002 0.7636489665199307
0.3250000000000002 0.7610258185930160
0.3300000000000002 0.7584284501480705
0.3350000000000002 0.7558572495900546
0.3400000000000002 0.7533113051562694
0.3450000000000002 0.7507910234869293
0.3500000000000002 0.7482954846865308
0.3550000000000002 0.7458251137931987
0.3600000000000002 0.7433789824106669
0.3650000000000002 0.7409575341449853
0.3700000000000002 0.7385598317277672
0.3750000000000002 0.7361863375104299
0.3800000000000002 0.7338361049775586
0.3850000000000002 0.7315096154108788
0.3900000000000002 0.7292059126693410
0.3950000000000002 0.7269254971574920
0.4000000000000002 0.7246674027261911
0.4050000000000002 0.7224321491029682
0.4100000000000003 0.7202187597441317
0.4150000000000003 0.7180277739080855
0.4200000000000003 0.7158582042659700
0.4250000000000003 0.7137106098227661
0.4300000000000003 0.7115839920695147
0.4350000000000003 0.7094789299813758
0.4400000000000003 0.7073944134698872
0.4450000000000003 0.7053310417119781
0.4500000000000003 0.7032877926356477
0.4550000000000003 0.7012652858592652
0.4600000000000003 0.6992624869184624
0.4650000000000003 0.6972800361208960
0.4700000000000003 0.6953168861960445
0.4750000000000003 0.6933736983969750
0.4800000000000003 0.6914494122281050
0.4850000000000003 0.6895447101524129
0.4900000000000003 0.6876585180250567
0.4950000000000003 0.6857915397919118
0.5000000000000003 0.6839426872292185
0.5050000000000003 0.6821126860473274
0.5100000000000003 0.6803004335082720
0.5150000000000003 0.6785066773771620
0.5200000000000004 0.6767302999607288
0.5250000000000004 0.6749720713779473
0.5300000000000004 0.6732308585331698
0.5350000000000004 0.6715074542072840
0.5400000000000004 0.6698007094490241
0.5450000000000004 0.6681114400183035
0.5500000000000004 0.6664384806486581
0.5550000000000004 0.6647826704053303
0.5600000000000004 0.6631428272405515
0.5650000000000004 0.6615198138605193
0.5700000000000004 0.6599124309633412
0.5750000000000004 0.6583215652412524
0.5800000000000004 0.6567459996585161
0.5850000000000004 0.6551866452480821
0.5900000000000004 0.6536422667535544
0.5950000000000004 0.6521137999130110
0.6000000000000004 0.6505999907552942
0.6050000000000004 0.6491018000979051
0.6100000000000004 0.6476179547533361
0.6150000000000004 0.6461494410028383
0.6200000000000004 0.6446949659332792
0.6250000000000004 0.6432555416841728
0.6300000000000004 0.6418298550995958
0.6350000000000005 0.6404189445821808
0.6400000000000005 0.6390214762079521
0.6450000000000005 0.6376385150580218
0.6500000000000005 0.6362687059067917
0.6550000000000005 0.6349131409398860
0.6600000000000005 0.6335704430879940
0.6650000000000005 0.6322417320781262
0.6700000000000005 0.6309256084464315
0.6750000000000005 0.6296232199091976
0.6800000000000005 0.6283331440482476
0.6850000000000005 0.6270565570282326
0.6900000000000005 0.6257920129076829
0.6950000000000005 0.6245407167700789
0.7000000000000005 0.6233011985722814
0.7050000000000005 0.6220746927986334
0.7100000000000005 0.6208597047163087
0.7150000000000005 0.6196574987043072
0.7200000000000005 0.6184665547422226
0.7250000000000005 0.6172881676094627
0.7300000000000005 0.6161207913900333
0.7350000000000005 0.6149657517816620
0.7400000000000005 0.6138214763544001
0.7450000000000006 0.6126893222545741
0.7500000000000006 0.6115676899093087
0.7550000000000006 0.6104579684563879
0.7600000000000006 0.6093585305401809
0.7650000000000006 0.6082707978455842
0.7700000000000006 0.6071931145832692
0.7750000000000006 0.6061269355539188
0.7800000000000006 0.6050705758721908
0.7850000000000006 0.6040255240364750
0.7900000000000006 0.6029900653914613
0.7950000000000006 0.6019657227286458
0.8000000000000006 0.6009507509368883
0.8050000000000006 0.5999467077099080
0.8100000000000006 0.5989518167826902
0.8150000000000006 0.5979676713742542
0.8200000000000006 0.5969924633552051
0.8250000000000006 0.5960278221071501
0.8300000000000006 0.5950719069130621
0.8350000000000006 0.5941263839688888
0.8400000000000006 0.5931893792336843
0.8450000000000006 0.5922625963842152
0.8500000000000006 0.5913441273060001
0.8550000000000006 0.5904357138380952
0.8600000000000007 0.5895354130292382
0.8650000000000007 0.5886450055775104
0.8700000000000007 0.5877625129176880
0.8750000000000007 0.5868897553191567
0.8800000000000007 0.5860247178113048
0.8850000000000007 0.5851692609629305
0.8900000000000007 0.5843213325920462
0.8950000000000007 0.5834828343110896
0.9000000000000007 0.5826516759058245
0.9050000000000007 0.5818298007929731
0.9100000000000007 0.5810150798899650
0.9150000000000007 0.5802094991951738
0.9200000000000007 0.5794108899060616
0.9250000000000007 0.5786212813970526
0.9300000000000007 0.5778384642781206
0.9350000000000007 0.5770645121114902
0.9400000000000007 0.5762971740358908
0.9450000000000007 0.5755385686307725
0.9500000000000007 0.5747864026632753
0.9550000000000007 0.5740428405775070
0.9600000000000007 0.5733055458517251
0.9650000000000007 0.5725767296604725
0.9700000000000008 0.5718540112585156
0.9750000000000008 0.5711396494353022
0.9800000000000008 0.5704312182698096
0.9850000000000008 0.5697310250699059
0.9900000000000008 0.5690365977684114
0.9950000000000008 0.5683502931145377
1.0000000000000007 0.5676695919061207
1.0050000000000006 0.5669969012764152
1.0100000000000005 0.5663296538805923
1.0150000000000003 0.5656703081988034
1.0200000000000002 0.5650162477166163
1.0250000000000001 0.5643699832444711
1.0300000000000000 0.5637288480517268
1.0349999999999999 0.5630954062834366
1.0399999999999998 0.5624669399260581
1.0449999999999997 0.5618460674849154
1.0499999999999996 0.5612300185763598
1.0549999999999995 0.5606214671133882
1.0599999999999994 0.5600175892340921
1.0649999999999993 0.5594211153287064
1.0699999999999992 0.5588291669275179
1.0749999999999991 0.5582445319901561
1.0799999999999990 0.5576642762877149
1.0849999999999989 0.5570912464644018
1.0899999999999987 0.5565224513584268
1.0949999999999986 0.5559607974372333
1.0999999999999985 0.5554032354096822
1.1049999999999984 0.5548527327290396
1.1099999999999983 0.5543061807551014
1.1149999999999982 0.5537666091139375
1.1199999999999981 0.5532308485728227
1.1249999999999980 0.5527019921424811
1.1299999999999979 0.5521768087299731
1.1349999999999978 0.5516584559678815
1.1399999999999977 0.5511436396106155
1.1449999999999976 0.5506355831756692
1.1499999999999975 0.5501309279471022
1.1549999999999974 0.5496329646167272
1.1599999999999973 0.5491382686547677
1.1649999999999971 0.5486501992436318
1.1699999999999970 0.5481652646698950
1.1749999999999969 0.5476868939502338
1.1799999999999968 0.5472115267908904
1.1849999999999967 0.5467426634144160
1.1899999999999966 0.5462766735226020
1.1949999999999965 0.5458171299439640
1.1999999999999964 0.5453603309237227
1.2049999999999963 0.5449099233254896
1.2099999999999962 0.5444621324572130
1.2149999999999961 0.5440206806763453
1.2199999999999960 0.5435817188436861
1.2249999999999959 0.5431490462994716
1.2299999999999958 0.5427187379176966
1.2349999999999957 0.5422946715411177
1.2399999999999956 0.5418728444868743
1.2449999999999954 0.5414572146513802
1.2499999999999953 0.5410437001938467
1.2549999999999952 0.5406363406475032
1.2599999999999951 0.5402309733808967
1.2649999999999950 0.5398317211798853
1.2699999999999949 0.5394343389572990
1.2749999999999948 0.5390430344007393
1.2799999999999947 0.5386534782692842
1.2849999999999946 0.5382699648353536
1.2899999999999945 0.5378880789725772
1.2949999999999944 0.5375122032559021
1.2999999999999943 0.5371378349074591
1.3049999999999942 0.5367694465577529
1.3099999999999941 0.5364024459763040
1.3149999999999940 0.5360413976382269
1.3199999999999938 0.5356816180235395
1.3249999999999937 0.5353277652777561
1.3299999999999936 0.5349750627179845
1.3349999999999935 0.5346282640233964
1.3399999999999934 0.5342824974375165
1.3449999999999933 0.5339426140746460
1.3499999999999932 0.5336036451560237
1.3549999999999931 0.5332705411715256
1.3599999999999930 0.5329382343325931
1.3649999999999929 0.5326117764848738
1.3699999999999928 0.5322859988028956
1.3749999999999927 0.5319660565088159
1.3799999999999926 0.5316466776727193
1.3849999999999925 0.5313331229553615
1.3899999999999924 0.5310200152136121
1.3949999999999922 0.5307127226510893
1.3999999999999921 0.5304057607605903
1.4049999999999920 0.5301046074358775
1.4099999999999919 0.5298036686118728
1.4149999999999918 0.5295085340636401
1.4199999999999917 0.5292134979306000
1.4249999999999916 0.5289242641050280
1.4299999999999915 0.5286350126484994
1.4349999999999914 0.5283515638520581
1.4399999999999913 0.5280679813714583
1.4449999999999912 0.5277902042246289
1.4499999999999911 0.5275121772869656
1.4549999999999910 0.5272399606788896
1.4599999999999909 0.5269673780733879
1.4649999999999908 0.5267006131174218
1.4699999999999906 0.5264333658110395
1.4749999999999905 0.5261719458012010
1.4799999999999904 0.5259099268950155
1.4849999999999903 0.5256537472633006
1.4899999999999902 0.5253968519497495
1.4949999999999901 0.5251458102243056
1.4999999999999900 0.5248939357452634
1.5049999999999899 0.5246479315094004
1.5099999999999898 0.5244009771150754
1.5149999999999897 0.5241599119670989
1.5199999999999896 0.5239177788757334
1.5249999999999895 0.5236815563895842
1.5299999999999894 0.5234441477479418
1.5349999999999893 0.5232126734346254
1.5399999999999892 0.5229798942792493
1.5449999999999890 0.5227530755490404
1.5499999999999889 0.5225248327682684
1.5549999999999888 0.5223025788936750
1.5599999999999887 0.5220787811903950
1.5649999999999886 0.5218610032698672
1.5699999999999885 0.5216415611249976
1.5749999999999884 0.5214281720473672
1.5799999999999883 0.5212129976840503
1.5849999999999882 0.5210039120936862
1.5899999999999881 0.5207929194421765
1.5949999999999880 0.5205880537048427
1.5999999999999879 0.5203811583680796
1.6049999999999878 0.5201804305374811
1.6099999999999877 0.5199775497573300
1.6149999999999876 0.5197808795423345
1.6199999999999875 0.5195819321664833
1.6249999999999873 0.5193892408990048
1.6299999999999872 0.5191941473485032
1.6349999999999871 0.5190053579520347
1.6399999999999870 0.5188140401894625
1.6449999999999869 0.5186290771482455
1.6499999999999868 0.5184414586464976
1.6549999999999867 0.5182602479753156
1.6599999999999866 0.5180762536869913
1.6649999999999865 0.5178987229015757
1.6699999999999864 0.5177182792289597
1.6749999999999863 0.5175443573169964
1.6799999999999862 0.5173673920826198
1.6849999999999861 0.5171970094753441
1.6899999999999860 0.5170234518931129
1.6949999999999859 0.5168565404374819
1.6999999999999857 0.5166863210843633
1.7049999999999856 0.5165228140157946
1.7099999999999855 0.5163558648040474
1.7149999999999854 0.5161956967197137
1.7199999999999853 0.5160319508696531
1.7249999999999852 0.5158750577023206
1.7299999999999851 0.5157144497156068
1.7349999999999850 0.5155607687080084
1.7399999999999849 0.5154032343414466
1.7449999999999848 0.5152527040211794
1.7499999999999847 0.5150981802610231
1.7549999999999846 0.5149507404159589
1.7599999999999845 0.5147991654527039
1.7649999999999844 0.5146547571069048
1.7699999999999843 0.5145060703105658
1.7749999999999841 0.5143646357006935
1.7799999999999840 0.5142187775965520
1.7849999999999839 0.5140802601487624
1.7899999999999838 0.5139371723935767
1.7949999999999837 0.5138015167008909
1.7999999999999836 0.5136611420595589
1.8049999999999835 0.5135282938596998
1.8099999999999834 0.5133905761823649
1.8149999999999833 0.5132604823360525
1.8199999999999832 0.5131253665356439
1.8249999999999831 0.5129979750053396
1.8299999999999830 0.5128654070355371
1.8349999999999829 0.5127406668646288
1.8399999999999828 0.5126105936982445
1.8449999999999827 0.5124884549906640
1.8499999999999825 0.5123608245984312
1.8549999999999824 0.5122412384986954
1.8599999999999823 0.5121159998284573
1.8649999999999822 0.5119989185021263
1.8699999999999821 0.5118760214584148
1.8749999999999820 0.5117613980729581
1.8799999999999819 0.5116407934969557
1.8849999999999818 0.5115285822030190
1.8899999999999817 0.5114102218528953
1.8949999999999816 0.5113003777659610
1.8999999999999815 0.5111842142975761
1.9049999999999814 0.5110766934800095
1.9099999999999813 0.5109626804279759
1.9149999999999812 0.5108574398714499
1.9199999999999811 0.5107455316305469
1.9249999999999809 0.5106425292388390
1.9299999999999808 0.5105326810457701
1.9349999999999807 0.5104318756179236
1.9399999999999806 0.5103240435334117
1.9449999999999805 0.5102253947472554
1.9499999999999804 0.5101195356384666
1.9549999999999803 0.5100230040344861
1.9599999999999802 0.5099190755577768
1.9649999999999801 0.5098246225233305
1.9699999999999800 0.5097225831073102
1.9749999999999799 0.5096301708611843
1.9799999999999798 0.5095299796900865
1.9849999999999797 0.5094395712673826
1.9899999999999796 0.5093411882647388
1.9949999999999795 0.5092527475020878
1.9999999999999793 0.5091561333146971
2.0049999999999795 0.5090696248357939
2.0099999999999794 0.5089747408179812
2.0149999999999793 0.5088901300194343
2.0199999999999791 0.5087969382175925
2.0249999999999790 0.5087141912550824
2.0299999999999789 0.5086226543924909
2.0349999999999788 0.5085417381672326
2.0399999999999787 0.5084518196291462
2.0449999999999786 0.5083727017746497
2.0499999999999785 0.5082843655936532
2.0549999999999784 0.5082070144627766
2.0599999999999783 0.5081202253043977
2.0649999999999782 0.5080446099566887
2.0699999999999781 0.5079593331052640
2.0749999999999780 0.5078854232945834
2.0799999999999779 0.5078016246393723
2.0849999999999778 0.5077293908017960
2.0899999999999777 0.5076470368233363
2.0949999999999775 0.5075764500653293
2.0999999999999774 0.5074955078220298
2.1049999999999773 0.5074265399088886
2.1099999999999772 0.5073469770238520
2.1149999999999771 0.5072796003684116
2.1199999999999770 0.5072013850164838
2.1249999999999769 0.5071355726680818
2.1299999999999768 0.5070586735631222
2.1349999999999767 0.5069943991968194
2.1399999999999766 0.5069187855791858
2.1449999999999765 0.5068560234852357
2.1499999999999764 0.5067816651094811
2.1549999999999763 0.5067203901830462
2.1599999999999762 0.5066472573058202
2.1649999999999761 0.5065874450369298
2.1699999999999759 0.5065155084050815
2.1749999999999758 0.5064571348688282
2.1799999999999757 0.5063863657077050
2.1849999999999756 0.5063294075546740
2.1899999999999755 0.5062597775566116
2.1949999999999754 0.5062042120035418
2.1999999999999753 0.5061356933165407
2.2049999999999752 0.5060814981372110
2.2099999999999751 0.5060140633537965
2.2149999999999750 0.5059612168701351
2.2199999999999749 0.5058948390163938
2.2249999999999748 0.5058433200898071
2.2299999999999747 0.5057779726145977
2.2349999999999746 0.5057277606375152
2.2399999999999745 0.5056634174018474
2.2449999999999743 0.5056144922894783
2.2499999999999742 0.5055511275560578
2.2549999999999741 0.5055034697383571
2.2599999999999740 0.5054410581612907
2.2649999999999739 0.5053946485751313
2.2699999999999738 0.5053331651897881
2.2749999999999737 0.5052879852713356
2.2799999999999736 0.5052274054843614
2.2849999999999735 0.5051834371616484
2.2899999999999734 0.5051237367411284
2.2949999999999733 0.5050809624268258
2.2999999999999732 0.5050221174925920
2.3049999999999731 0.5049805200769739
2.3099999999999730 0.5049225070910525
2.3149999999999729 0.5048820699351528
2.3199999999999728 0.5048248656923494
2.3249999999999726 0.5047855726213059
2.3299999999999725 0.5047291542399233
2.3349999999999724 0.5046909895365074
2.3399999999999723 0.5046353344491931
2.3449999999999722 0.5045982828475235
2.3499999999999721 0.5045433687922426
2.3549999999999720 0.5045074154716787
2.3599999999999719 0.5044532204828091
2.3649999999999718 0.5044183510620225
2.3699999999999717 0.5043648534615686
2.3749999999999716 0.5043310539927911
2.3799999999999715 0.5042782323817128
2.3849999999999714 0.5042454893451569
2.3899999999999713 0.5041933225948096
2.3949999999999712 0.5041616228932607
2.3999999999999710 0.5041100901369444
2.4049999999999709 0.5040794210905218
2.4099999999999708 0.5040285017151340
2.4149999999999707 0.5039988510562191
2.4199999999999706 0.5039485246940096
2.4249999999999705 0.5039198805623389
2.4299999999999704 0.5038701270827629
2.4349999999999703 0.5038424780206837
2.4399999999999702 0.5037932775223493
2.4449999999999701 0.5037666124702367
2.4499999999999700 0.5037179452729446
2.4549999999999699 0.5036922535647778
2.4599999999999698 0.5036441002016490
2.4649999999999697 0.5036193715607448
2.4699999999999696 0.5035717127704341
2.4749999999999694 0.5035479373053361
2.4799999999999693 0.5035007540243274
2.4849999999999692 0.5034779222248496
2.4899999999999691 0.5034311955798304
2.4949999999999690 0.5034092983132530
2.4999999999999689 0.5033630096135654
2.5049999999999688 0.5033420381209817
2.5099999999999687 0.5032961688511458
2.5149999999999686 0.5032761147439587
2.5199999999999685 0.5032306465562666
2.5249999999999684 0.5032115018128334
2.5299999999999683 0.5031664165200099
2.5349999999999682 0.5031481734824331
2.5399999999999681 0.5031034530503613
2.5449999999999680 0.5030861044214259
2.5499999999999678 0.5030417309619328
2.5549999999999677 0.5030252698021872
2.5599999999999676 0.5029812255658891
2.5649999999999675 0.5029656452908694
2.5699999999999674 0.5029219126600717
2.5749999999999673 0.5029072070376680
2.5799999999999672 0.5028637685193184
2.5849999999999671 0.5028499316672816
2.5899999999999670 0.5028067698859727
2.5949999999999669 0.5027937962695622
2.5999999999999668 0.5027508939605815
2.6049999999999667 0.5027387783903506
2.6099999999999666 0.5026961183927745
2.6149999999999665 0.5026848560224951
2.6199999999999664 0.5026424212723246
2.6249999999999662 0.5026320075970486
2.6299999999999661 0.5025897811203837
2.6349999999999660 0.5025802119746410
2.6399999999999659 0.5025381768808909
2.6449999999999658 0.5025294484370232
2.6499999999999657 0.5024875879121504
2.6549999999999656 0.5024796966787802
2.6599999999999655 0.5024379939785748
2.6649999999999654 0.5024309367992087
2.6699999999999653 0.5023893752425906
2.6749999999999652 0.5023831492943569
2.6799999999999651 0.5023417122567035
2.6849999999999650 0.5023363150492228
2.6899999999999649 0.5022949859557191
2.6949999999999648 0.5022904153301084
2.6999999999999647 0.5022491776491169
2.7049999999999645 0.5022454317771261
2.7099999999999644 0.5022042690135744
2.7149999999999643 0.5022013463968547
2.7199999999999642 0.5021602420856373
2.7249999999999641 0.5021581415551419
2.7299999999999640 0.5021170792545344
2.7349999999999639 0.5021157999700513
2.7399999999999638 0.5020747632551333
2.7449999999999637 0.5020743047049486
2.7499999999999636 0.5020332771610344
2.7549999999999635 0.5020336391617279
2.7599999999999634 0.5019926043777998
2.7649999999999633 0.5019937870741720
2.7699999999999632 0.5019527286363163
2.7749999999999631 0.5019547325014456
2.7799999999999629 0.5019136339862874
2.7849999999999628 0.5019164598217198
2.7899999999999627 0.5018753047898530
2.7949999999999626 0.5018789537259227
2.7999999999999625 0.5018377257153346
2.8049999999999624 0.5018421992116160
2.8099999999999623 0.5018008817311023
2.8149999999999622 0.5018061815769940
2.8199999999999621 0.5017647580995623
2.8249999999999620 0.5017708864150027
2.8299999999999619 0.5017293403712623
2.8349999999999618 0.5017362996075774
2.8399999999999617 0.5016946143791107
2.8449999999999616 0.5017024073199952
2.8499999999999615 0.5016605662327107
2.8549999999999613 0.5016691959953410
2.8599999999999612 0.5016271823128039
2.8649999999999611 0.5016366523490849
2.8699999999999610 0.5015944492658222
2.8749999999999609 0.5016047633637685
2.8799999999999608 0.5015623539985469
2.8849999999999607 0.5015735162837975
2.8899999999999606 0.5015308836728709
2.8949999999999605 0.5015428986103401
2.8999999999999604 0.5015000257006641
2.9049999999999603 0.5015128980963268
2.9099999999999602 0.5014697677387375
2.9149999999999601 0.5014835027415521
2.9199999999999600 0.5014400976839065
2.9249999999999599 0.5014547007878739
2.9299999999999597 0.5014110036681491
2.9349999999999596 0.5014264807145109
2.9399999999999595 0.5013824740538588
2.9449999999999594 0.5013988312334338
2.9499999999999593 0.5013544974291901
2.9549999999999592 0.5013717412848500
2.9599999999999591 0.5013270626034931
2.9649999999999590 0.5013452000327800
2.9699999999999589 0.5013001586028375
2.9749999999999588 0.5013191968607233
2.9799999999999587 0.5012737746656231
2.9849999999999586 0.5012937213674109
2.9899999999999585 0.5012479002382748
2.9949999999999584 0.5012687633626454
2.9999999999999583 0.5012225249710219
3.0049999999999581 0.5012443128632249
3.0099999999999580 0.5011976387137574
3.0149999999999579 0.5012203600889498
3.0199999999999578 0.5011732315119785
3.0249999999999577 0.5011968954587102
3.0299999999999576 0.5011492936028042
3.0349999999999575 0.5011739095866541
3.0399999999999574 0.5011258154110712
3.0449999999999573 0.5011513932784326
3.0499999999999572 0.5011027875455025
3.0549999999999571 0.5011293375275225
3.0599999999999570 0.5010802007949521
3.0649999999999569 0.5011077335116235
3.0699999999999568 0.5010580461247196
3.0749999999999567 0.5010865725891291
3.0799999999999566 0.5010363146729370
3.0849999999999564 0.5010658462956704
3.0899999999999563 0.5010149977470235
3.0949999999999562 0.5010455463407300
3.0999999999999561 0.5009940868202090
3.1049999999999560 0.5010256646043257
3.1099999999999559 0.5009735735281224
3.1149999999999558 0.5010061931337633
3.1199999999999557 0.5009534496654472
3.1249999999999556 0.5009871241404543
3.1299999999999555 0.5009337071826381
3.1349999999999554 0.5009684499968016
3.1399999999999553 0.5009143381827020
3.1449999999999552 0.5009501632331476
3.1499999999999551 0.5008953349180391
3.1549999999999550 0.5009322565347868
3.1599999999999548 0.5008766897873433
3.1649999999999547 0.5009147227390399
3.1699999999999546 0.5008583953325625
3.1749999999999545 0.5008975548323886
3.1799999999999544 0.5008404442359147
3.1849999999999543 0.5008807459476703
3.1899999999999542 0.5008228293169613
3.1949999999999541 0.5008642893613311
3.1999999999999540 0.5008055435297347
3.2049999999999539 0.5008481784907364
3.2099999999999538 0.5007885799599200
3.2149999999999537 0.5008324068915380
3.2199999999999536 0.5007719318220892
3.2249999999999535 0.5008169682550961
3.2299999999999534 0.5007555924569873
3.2349999999999532 0.5008018564059564
3.2399999999999531 0.5007395553288682
3.2449999999999530 0.5007870652993791
3.2499999999999529 0.5007238140228806
3.2549999999999528 0.5007725890189215
3.2599999999999527 0.5007083622425021
3.2649999999999526 0.5007584217740715
3.2699999999999525 0.5006931938070207
3.2749999999999524 0.5007445578979310
3.2799999999999523 0.5006783026490621
3.2849999999999522 0.5007309918449498
3.2899999999999521 0.5006636828121631
3.2949999999999520 0.5007177181887066
3.2999999999999519 0.5006493284483889
3.3049999999999518 0.5007047316197388
3.3099999999999516 0.5006352338159942
3.3149999999999515 0.5006920269434190
3.3199999999999514 0.5006213932771258
3.3249999999999513 0.5006795990778764
3.3299999999999512 0.5006078012955684
3.3349999999999511 0.5006674430519651
3.3399999999999510 0.5005944524345290
3.3449999999999509 0.5006555540032745
3.3499999999999508 0.5005813413544635
3.3549999999999507 0.5006439271761853
3.3599999999999506 0.5005684628109398
3.3649999999999505 0.5006325579199665
3.3699999999999504 0.5005558116525405
3.3749999999999503 0.5006214416869157
3.3799999999999502 0.5005433828188022
3.3849999999999500 0.5006105740305397
3.3899999999999499 0.5005311713381914
3.3949999999999498 0.5005999506037758
3.3999999999999497 0.5005191723261159
3.4049999999999496 0.5005895671572536
3.4099999999999495 0.5005073809829708
3.4149999999999494 0.5005794195375941
3.4199999999999493 0.5004957925922189
3.4249999999999492 0.5005695036857497
3.4299999999999491 0.5004844025185039
3.4349999999999490 0.5005598156353797
3.4399999999999489 0.5004732062057963
3.4449999999999488 0.5005503515112637
3.4499999999999487 0.5004621991755710
3.4549999999999486 0.5005411075277523
3.4599999999999485 0.5004513770250160
3.4649999999999483 0.5005320799872519
3.4699999999999482 0.5004407354252709
3.4749999999999481 0.5005232652787465
3.4799999999999480 0.5004302701196960
3.4849999999999479 0.5005146598763526
3.4899999999999478 0.5004199769221689
3.4949999999999477 0.5005062603379092
3.4999999999999476 0.5004098517154107
3.5049999999999475 0.5004980633036010
3.5099999999999474 0.5003998904493387
3.5149999999999473 0.5004900654946143
3.5199999999999472 0.5003900891394465
3.5249999999999471 0.5004822637118254
3.5299999999999470 0.5003804438652100
3.5349999999999469 0.5004746548345211
3.5399999999999467 0.5003709507685196
3.5449999999999466 0.5004672358191508
3.5499999999999465 0.5003616060521365
3.5549999999999464 0.5004600036981081
3.5599999999999463 0.5003524059781743
3.5649999999999462 0.5004529555785445
3.5699999999999461 0.5003433468666034
3.5749999999999460 0.5004460886412124
3.5799999999999459 0.5003344250937791
3.5849999999999458 0.5004394001393369
3.5899999999999457 0.5003256370909924
3.5949999999999456 0.5004328873975170
3.5999999999999455 0.5003169793430421
3.6049999999999454 0.5004265478106562
3.6099999999999453 0.5003084483868290
3.6149999999999451 0.5004203788429197
3.6199999999999450 0.5003000408099706
3.6249999999999449 0.5004143780267203
3.6299999999999448 0.5002917532494362
3.6349999999999447 0.5004085429617315
3.6399999999999446 0.5002835823902015
3.6449999999999445 0.5004028713139275
3.6499999999999444 0.5002755249639230
3.6549999999999443 0.5003973608146490
3.6599999999999442 0.5002675777476301
3.6649999999999441 0.5003920092596964
3.6699999999999440 0.5002597375624361
3.6749999999999439 0.5003868145084477
3.6799999999999438 0.5002520012722672
3.6849999999999437 0.5003817744830024
3.6899999999999435 0.5002443657826071
3.6949999999999434 0.5003768871673502
3.6999999999999433 0.5002368280392601
3.7049999999999432 0.5003721506065650
3.7099999999999431 0.5002293850271288
3.7149999999999430 0.5003675629060225
3.7199999999999429 0.5002220337690083
3.7249999999999428 0.5003631222306423
3.7299999999999427 0.5002147713243955
3.7349999999999426 0.5003588268041543
3.7399999999999425 0.5002075947883124
3.7449999999999424 0.5003546749083880
3.7499999999999423 0.5002005012901447
3.7549999999999422 0.5003506648825852
3.7599999999999421 0.5001934879924930
3.7649999999999419 0.5003467951227353
3.7699999999999418 0.5001865520900383
3.7749999999999417 0.5003430640809345
3.7799999999999416 0.5001796908084196
3.7849999999999415 0.5003394702647661
3.7899999999999414 0.5001729014031243
3.7949999999999413 0.5003360122367037
3.7999999999999412 0.5001661811583903
3.8049999999999411 0.5003326886135359
3.8099999999999410 0.5001595273861196
3.8149999999999409 0.5003294980658135
3.8199999999999408 0.5001529374248033
3.8249999999999407 0.5003264393173175
3.8299999999999406 0.5001464086384569
3.8349999999999405 0.5003235111445483
3.8399999999999403 0.5001399384155659
3.8449999999999402 0.5003207123762370
3.8499999999999401 0.5001335241680411
3.8549999999999400 0.5003180418928762
3.8599999999999399 0.5001271633301836
3.8649999999999398 0.5003154986262726
3.8699999999999397 0.5001208533576581
3.8749999999999396 0.5003130815591194
3.8799999999999395 0.5001145917264758
3.8849999999999394 0.5003107897245899
3.8899999999999393 0.5001083759319840
3.8949999999999392 0.5003086222059502
3.8999999999999391 0.5001022034878649
3.9049999999999390 0.5003065781361928
3.9099999999999389 0.5000960719251411
3.9149999999999388 0.5003046566976900
3.9199999999999386 0.5000899787911872
3.9249999999999385 0.5003028571218663
3.9299999999999384 0.5000839216487499
3.9349999999999383 0.5003011786888912
3.9399999999999382 0.5000778980749720
3.9449999999999381 0.5002996207273918
3.9499999999999380 0.5000719056604243
3.9549999999999379 0.5002981826141832
3.9599999999999378 0.5000659420081406
3.9649999999999377 0.5002968637740204
3.9699999999999376 0.5000600047326602
3.9749999999999375 0.5002956636793672
3.9799999999999374 0.5000540914590729
3.9849999999999373 0.5002945818501857
3.9899999999999372 0.5000481998220692
3.9949999999999370 0.5002936178537444
3.9999999999999369 0.5000423274649943
4.0049999999999368 0.5002927713044445
4.0099999999999367 0.5000364720389054
4.0149999999999366 0.5002920418636664
4.0199999999999365 0.5000306312016322
4.0249999999999364 0.5002914292396338
4.0299999999999363 0.5000248026168395
4.0349999999999362 0.5002909331872970
4.0399999999999361 0.5000189839530935
4.0449999999999360 0.5002905535082351
4.0499999999999359 0.5000131728829288
4.0549999999999358 0.5002902900505766
4.0599999999999357 0.5000073670819173
4.0649999999999356 0.5002901427089382
4.0699999999999354 0.5000015642277386
4.0749999999999353 0.5002901114243835
4.0799999999999352 0.4999957619992509
4.0849999999999351 0.5002901961843985
4.0899999999999350 0.4999899580755629
4.0949999999999349 0.5002903970228872
4.0999999999999348 0.4999841501351052
4.1049999999999347 0.5002907140201851
4.1099999999999346 0.4999783358547015
4.1149999999999345 0.5002911473030911
4.1199999999999344 0.4999725129086396
4.1249999999999343 0.5002916970449183
4.1299999999999342 0.4999666789677413
4.1349999999999341 0.5002923634655635
4.1399999999999340 0.4999608316984300
4.1449999999999338 0.5002931468315949
4.1499999999999337 0.4999549687617981
4.1549999999999336 0.5002940474563589
4.1599999999999335 0.4999490878126709
4.1649999999999334 0.5002950657001054
4.1699999999999333 0.4999431864986688
4.1749999999999332 0.5002962019701320
4.1799999999999331 0.4999372624592662
4.1849999999999330 0.5002974567209467
4.1899999999999329 0.4999313133248472
4.1949999999999328 0.5002988304544498
4.1999999999999327 0.4999253367157582
4.2049999999999326 0.5003003237201347
4.2099999999999325 0.4999193302413555
4.2149999999999324 0.5003019371153076
4.2199999999999322 0.4999132914990494
4.2249999999999321 0.5003036712853266
4.2299999999999320 0.4999072180733429
4.2349999999999319 0.5003055269238598
4.2399999999999318 0.4999011075348657
4.2449999999999317 0.5003075047731624
4.2499999999999316 0.4998949574394024
4.2549999999999315 0.5003096056243744
4.2599999999999314 0.4998887653269150
4.2649999999999313 0.5003118303178361
4.2699999999999312 0.4998825287205582
4.2749999999999311 0.5003141797434250
4.2799999999999310 0.4998762451256897
4.2849999999999309 0.5003166548409111
4.2899999999999308 0.4998699120288715
4.2949999999999307 0.5003192566003337
4.2999999999999305 0.4998635268968648
4.3049999999999304 0.5003219860623964
4.3099999999999303 0.4998570871756169
4.3149999999999302 0.5003248443188841
4.3199999999999301 0.4998505902892392
4.3249999999999300 0.5003278325130993
4.3299999999999299 0.4998440336389772
4.3349999999999298 0.5003309518403197
4.3399999999999297 0.4998374146021708
4.3449999999999296 0.5003342035482763
4.3499999999999295 0.4998307305312053
4.3549999999999294 0.5003375889376522
4.3599999999999293 0.4998239787524523
4.3649999999999292 0.5003411093626032
4.3699999999999291 0.4998171565652002
4.3749999999999289 0.5003447662312992
4.3799999999999288 0.4998102612405742
4.3849999999999287 0.5003485610064877
4.3899999999999286 0.4998032900204444
4.3949999999999285 0.5003524952060788
4.3999999999999284 0.4997962401163228
4.4049999999999283 0.5003565704037524
4.4099999999999282 0.4997891087082478
4.4149999999999281 0.5003607882295874
4.4199999999999280 0.4997818929436560
4.4249999999999279 0.5003651503707143
4.4299999999999278 0.4997745899362417
4.4349999999999277 0.5003696585719895
4.4399999999999276 0.4997671967648020
4.4449999999999275 0.5003743146366935
4.4499999999999273 0.4997597104720681
4.4549999999999272 0.5003791204272521
4.4599999999999271 0.4997521280635230
4.4649999999999270 0.5003840778659816
4.4699999999999269 0.4997444465062034
4.4749999999999268 0.5003891889358575
4.4799999999999267 0.4997366627274863
4.4849999999999266 0.5003944556813078
4.4899999999999265 0.4997287736138601
4.4949999999999264 0.5003998802090306
4.4999999999999263 0.4997207760096795
4.5049999999999262 0.5004054646888370
4.5099999999999261 0.4997126667159028
4.5149999999999260 0.5004112113545189
4.5199999999999259 0.4997044424888124
4.5249999999999257 0.5004171225047427
4.5299999999999256 0.4996961000387175
4.5349999999999255 0.5004232005039684
4.5399999999999254 0.4996876360286381
4.5449999999999253 0.5004294477833956
4.5499999999999252 0.4996790470729702
4.5549999999999251 0.5004358668419362
4.5599999999999250 0.4996703297361315
4.5649999999999249 0.5004424602472136
4.5699999999999248 0.4996614805311873
4.5749999999999247 0.5004492306365899
4.5799999999999246 0.4996524959184555
4.5849999999999245 0.5004561807182207
4.5899999999999244 0.4996433723040911
4.5949999999999243 0.5004633132721389
4.5999999999999241 0.4996341060386483
4.6049999999999240 0.5004706311513659
4.6099999999999239 0.4996246934156209
4.6149999999999238 0.5004781372830535
4.6199999999999237 0.4996151306699599
4.6249999999999236 0.5004858346696542
4.6299999999999235 0.4996054139765668
4.6349999999999234 0.5004937263901229
4.6399999999999233 0.4995955394487644
4.6449999999999232 0.5005018156011476
4.6499999999999231 0.4995855031367414
4.6549999999999230 0.5005101055384128
4.6599999999999229 0.4995753010259732
4.6649999999999228 0.5005185995178933
4.6699999999999227 0.4995649290356153
4.6749999999999226 0.5005273009371810
4.6799999999999224 0.4995543830168717
4.6849999999999223 0.5005362132768436
4.6899999999999222 0.4995436587513348
4.6949999999999221 0.5005453401018169
4.6999999999999220 0.4995327519492985
4.7049999999999219 0.5005546850628310
4.7099999999999218 0.4995216582480418
4.7149999999999217 0.5005642518978701
4.7199999999999216 0.4995103732100845
4.7249999999999215 0.5005740444336685
4.7299999999999214 0.4994988923214111
4.7349999999999213 0.5005840665872403
4.7399999999999212 0.4994872109896663
4.7449999999999211 0.5005943223674469
4.7499999999999210 0.4994753245423174
4.7549999999999208 0.5006048158766006
4.7599999999999207 0.4994632282247853
4.7649999999999206 0.5006155513121049
4.7699999999999205 0.4994509171985432
4.7749999999999204 0.5006265329681340
4.7799999999999203 0.4994383865391805
4.7849999999999202 0.5006377652373504
4.7899999999999201 0.4994256312344336
4.7949999999999200 0.5006492526126617
4.7999999999999199 0.4994126461821803
4.8049999999999198 0.5006609996890181
4.8099999999999197 0.4993994261884000
4.8149999999999196 0.5006730111652501
4.8199999999999195 0.4993859659650950
4.8249999999999194 0.5006852918459482
4.8299999999999192 0.4993722601281760
4.8349999999999191 0.5006978466433847
4.8399999999999190 0.4993583031953083
4.8449999999999189 0.5007106805794785
4.8499999999999188 0.4993440895837187
4.8549999999999187 0.5007237987878042
4.8599999999999186 0.4993296136079626
4.8649999999999185 0.5007372065156449
4.8699999999999184 0.4993148694776497
4.8749999999999183 0.5007509091260919
4.8799999999999182 0.4992998512951279
4.8849999999999181 0.5007649121001894
4.8899999999999180 0.4992845530531241
4.8949999999999179 0.5007792210391269
4.8999999999999178 0.4992689686323415
4.9049999999999176 0.5007938416664800
4.9099999999999175 0.4992530917990119
4.9149999999999174 0.5008087798304998
4.9199999999999173 0.4992369162024020
4.9249999999999172 0.5008240415064518
4.9299999999999171 0.4992204353722729
4.9349999999999170 0.5008396327990063
4.9399999999999169 0.4992036427162928
4.9449999999999168 0.5008555599446805
4.9499999999999167 0.4991865315173992
4.9549999999999166 0.5008718293143325
4.9599999999999165 0.4991690949311125
4.9649999999999164 0.5008884474157103
4.9699999999999163 0.4991513259827983
4.9749999999999162 0.5009054208960543
4.9799999999999160 0.4991332175648772
4.9849999999999159 0.5009227565447567
4.9899999999999158 0.4991147624339821
4.9949999999999157 0.5009404612960771
4.9999999999999156 0.4990959532080605
5.0049999999999155 0.5009585422319158
5.0099999999999154 0.4990767823634222
5.0149999999999153 0.5009770065846474
5.0199999999999152 0.4990572422317292
5.0249999999999151 0.5009958617400128
5.0299999999999150 0.4990373249969289
5.0349999999999149 0.5010151152400741
5.0399999999999148 0.4990170226921274
5.0449999999999147 0.5010347747862316
5.0499999999999146 0.4989963271964028
5.0549999999999145 0.5010548482423035
5.0599999999999143 0.4989752302315567
5.0649999999999142 0.5010753436376724
5.0699999999999141 0.4989537233588033
5.0749999999999140 0.5010962691704963
5.0799999999999139 0.4989317979753933
5.0849999999999138 0.5011176332109885
5.0899999999999137 0.4989094453111735
5.0949999999999136 0.5011394443047650
5.0999999999999135 0.4988866564250782
5.1049999999999134 0.5011617111762634
5.1099999999999133 0.4988634222015529
5.1149999999999132 0.5011844427322324
5.1199999999999131 0.4988397333469083
5.1249999999999130 0.5012076480652943
5.1299999999999129 0.4988155803856024
5.1349999999999127 0.5012313364575822
5.1399999999999126 0.4987909536564508
5.1449999999999125 0.5012555173844532
5.1499999999999124 0.4987658433087617
5.1549999999999123 0.5012802005182779
5.1599999999999122 0.4987402392983962
5.1649999999999121 0.5013053957323100
5.1699999999999120 0.4987141313837500
5.1749999999999119 0.5013311131046351
5.1799999999999118 0.4986875091216573
5.1849999999999117 0.5013573629222019
5.1899999999999116 0.4986603618632132
5.1949999999999115 0.5013841556849377
5.1999999999999114 0.4986326787495144
5.2049999999999113 0.5014115021099473
5.2099999999999111 0.4986044487073155
5.2149999999999110 0.5014394131358010
5.2199999999999109 0.4985756604445995
5.2249999999999108 0.5014678999269090
5.2299999999999107 0.4985463024460613
5.2349999999999106 0.5014969738779878
5.2399999999999105 0.4985163629685015
5.2449999999999104 0.5015266466186177
5.2499999999999103 0.4984858300361292
5.2549999999999102 0.5015569300178951
5.2599999999999101 0.4984546914357713
5.2649999999999100 0.5015878361891797
5.2699999999999099 0.4984229347119877
5.2749999999999098 0.5016193774949399
5.2799999999999097 0.4983905471620889
5.2849999999999095 0.5016515665516981
5.2899999999999094 0.4983575158310549
5.2949999999999093 0.5016844162350770
5.2999999999999092 0.4983238275063534
5.3049999999999091 0.5017179396849499
5.3099999999999090 0.4982894687126544
5.3149999999999089 0.5017521503106969
5.3199999999999088 0.4982544257064405
5.3249999999999087 0.5017870617965681
5.3299999999999086 0.4982186844705091
5.3349999999999085 0.5018226881071579
5.3399999999999084 0.4981822307083659
5.3449999999999083 0.5018590434929906
5.3499999999999082 0.4981450498385061
5.3549999999999081 0.5018961424962205
5.3599999999999079 0.4981071269885817
5.3649999999999078 0.5019339999564488
5.3699999999999077 0.4980684469894527
5.3749999999999076 0.5019726310166598
5.3799999999999075 0.4980289943691195
5.3849999999999074 0.5020120511292774
5.3899999999999073 0.4979887533465340
5.3949999999999072 0.5020522760623467
5.3999999999999071 0.4979477078252870
5.4049999999999070 0.5020933219058410
5.4099999999999069 0.4979058413871702
5.4149999999999068 0.5021352050780976
5.4199999999999067 0.4978631372856083
5.4249999999999066 0.5021779423323854
5.4299999999999065 0.4978195784389606
5.4349999999999064 0.5022215507636062
5.4399999999999062 0.4977751474236884
5.4449999999999061 0.5022660478151324
5.4499999999999060 0.4977298264673858
5.4549999999999059 0.5023114512857847
5.4599999999999058 0.4976835974416701
5.4649999999999057 0.5023577793369512
5.4699999999999056 0.4976364418549311
5.4749999999999055 0.5024050504998526
5.4799999999999054 0.4975883408449340
5.4849999999999053 0.5024532836829539
5.4899999999999052 0.4975392751712749
5.4949999999999051 0.5025024981795284
5.4999999999999050 0.4974892252076843
5.5049999999999049 0.5025527136753747
5.5099999999999048 0.4974381709341769
5.5149999999999046 0.5026039502566911
5.5199999999999045 0.4973860919290430
5.5249999999999044 0.5026562284181103
5.5299999999999043 0.4973329673606808
5.5349999999999042 0.5027095690708967
5.5399999999999041 0.4972787759792629
5.5449999999999040 0.5027639935513114
5.5499999999999039 0.4972234961082367
5.5549999999999038 0.5028195236291467
5.5599999999999037 0.4971671056356537
5.5649999999999036 0.5028761815164337
5.5699999999999035 0.4971095820053251
5.5749999999999034 0.5029339898763272
5.5799999999999033 0.4970509022077985
5.5849999999999032 0.5029929718321713
5.5899999999999030 0.4969910427711551
5.5949999999999029 0.5030531509767482
5.5999999999999028 0.4969299797516201
5.6049999999999027 0.5031145513817158
5.6099999999999026 0.4968676887239858
5.6149999999999025 0.5031771976072361
5.6199999999999024 0.4968041447718411
5.6249999999999023 0.5032411147117993
5.6299999999999022 0.4967393224776051
5.6349999999999021 0.5033063282622472
5.6399999999999020 0.4966731959123601
5.6449999999999019 0.5033728643440000
5.6499999999999018 0.4966057386254801
5.6549999999999017 0.5034407495714903
5.6599999999999016 0.4965369236340503
5.6649999999999014 0.5035100110988093
5.6699999999999013 0.4964667234120742
5.6749999999999012 0.5035806766305678
5.6799999999999011 0.4963951098794628
5.6849999999999010 0.5036527744329786
5.6899999999999009 0.4963220543908032
5.6949999999999008 0.5037263333451626
5.6999999999999007 0.4962475277239000
5.7049999999999006 0.5038013827906845
5.7099999999999005 0.4961715000680862
5.7149999999999004 0.5038779527893228
5.7199999999999003 0.4960939410122998
5.7249999999999002 0.5039560739690768
5.7299999999999001 0.4960148195329183
5.7349999999999000 0.5040357775784184
5.7399999999998998 0.4959341039813499
5.7449999999998997 0.5041170954987915
5.7499999999998996 0.4958517620713741
5.7549999999998995 0.5042000602573640
5.7599999999998994 0.4957677608662268
5.7649999999998993 0.5042847050400394
5.7699999999998992 0.4956820667654260
5.7749999999998991 0.5043710637047309
5.7799999999998990 0.4955946454913314
5.7849999999998989 0.5044591707949043
5.7899999999998988 0.4955054620754333
5.7949999999998987 0.5045490615533956
5.7999999999998986 0.4954144808443654
5.8049999999998985 0.5046407719365084
5.8099999999998984 0.4953216654056352
5.8149999999998983 0.5047343386283957
5.8199999999998981 0.4952269786330673
5.8249999999998980 0.5048297990557343
5.8299999999998979 0.4951303826519526
5.8349999999998978 0.5049271914026953
5.8399999999998977 0.4950318388238987
5.8449999999998976 0.5050265546262173
5.8499999999998975 0.4949313077313744
5.8549999999998974 0.5051279284715898
5.8599999999998973 0.4948287491619426
5.8649999999998972 0.5052313534883510
5.8699999999998971 0.4947241220921756
5.8749999999998970 0.5053368710465075
5.8799999999998969 0.4946173846712454
5.8849999999998968 0.5054445233530825
5.8899999999998967 0.4945084942041838
5.8949999999998965 0.5055543534689989
5.8999999999998964 0.4943974071348038
5.9049999999998963 0.5056664053263028
5.9099999999998962 0.4942840790282778
5.9149999999998961 0.5057807237457372
5.9199999999998960 0.4941684645533631
5.9249999999998959 0.5058973544546700
5.9299999999998958 0.4940505174642696
5.9349999999998957 0.5060163441053847
5.9399999999998956 0.4939301905821620
5.9449999999998955 0.5061377402937414
5.9499999999998954 0.4938074357762872
5.9549999999998953 0.5062615915782156
5.9599999999998952 0.4936822039447228
5.9649999999998951 0.5063879474993211
5.9699999999998949 0.4935544449947364
5.9749999999998948 0.5065168585994264
5.9799999999998947 0.4934241078227479
5.9849999999998946 0.5066483764429714
5.9899999999998945 0.4932911402938885
5.9949999999998944 0.5067825536370937
5.9999999999998943 0.4931554892211466
6.0049999999998942 0.5069194438526707
6.0099999999998941 0.4930171003440932
6.0149999999998940 0.5070591018457888
6.0199999999998939 0.4928759183071774
6.0249999999998938 0.5072015834796453
6.0299999999998937 0.4927318866375845
6.0349999999998936 0.5073469457468935
6.0399999999998935 0.4925849477226466
6.0449999999998933 0.5074952467924406
6.0499999999998932 0.4924350427867978
6.0549999999998931 0.5076465459367047
6.0599999999998930 0.4922821118680637
6.0649999999998929 0.5078009036993434
6.0699999999998928 0.4921260937940768
6.0749999999998927 0.5079583818234619
6.0799999999998926 0.4919669261576076
6.0849999999998925 0.5081190433003098
6.0899999999998924 0.4918045452916014
6.0949999999998923 0.5082829523944777
6.0999999999998922 0.4916388862437119
6.1049999999998921 0.5084501746696035
6.1099999999998920 0.4914698827503198
6.1149999999998919 0.5086207770145971
6.1199999999998917 0.4912974672100279
6.1249999999998916 0.5087948276703965
6.1299999999998915 0.4911215706566199
6.1349999999998914 0.5089723962572641
6.1399999999998913 0.4909421227314746
6.1449999999998912 0.5091535538026346
6.1499999999998911 0.4907590516554219
6.1549999999998910 0.5093383727695262
6.1599999999998909 0.4905722842000314
6.1649999999998908 0.5095269270855256
6.1699999999998907 0.4903817456583209
6.1749999999998906 0.5097192921723592
6.1799999999998905 0.4901873598148737
6.1849999999998904 0.5099155449760617
6.1899999999998903 0.4899890489153525
6.1949999999998902 0.5101157639977547
6.1999999999998900 0.4897867336353974
6.2049999999998899 0.5103200293250467
6.2099999999998898 0.4895803330488965
6.2149999999998897 0.5105284226640688
6.2199999999998896 0.4893697645956151
6.2249999999998895 0.5107410273721565
6.2299999999998894 0.4891549440481719
6.2349999999998893 0.5109579284911931
6.2399999999998892 0.4889357854783481
6.2449999999998891 0.5111792127816261
6.2499999999998890 0.4887122012227156
6.2549999999998889 0.5114049687571718
6.2599999999998888 0.4884841018475721
6.2649999999998887 0.5116352867202203
6.2699999999998886 0.4882513961131677
6.2749999999998884 0.5118702587979569
6.2799999999998883 0.4880139909372085
6.2849999999998882 0.5121099789792127
6.2899999999998881 0.4877717913576243
6.2949999999998880 0.5123545431520602
6.2999999999998879 0.4875247004945831
6.3049999999998878 0.5126040491421685
6.3099999999998877 0.4872726195117397
6.3149999999998876 0.5128585967519337
6.3199999999998875 0.4870154475767011
6.3249999999998874 0.5131182878003997
6.3299999999998873 0.4867530818206930
6.3349999999998872 0.5133832261639858
6.3399999999998871 0.4864854172974133
6.3449999999998870 0.5136535178180375
6.3499999999998868 0.4862123469410526
6.3549999999998867 0.5139292708792165
6.3599999999998866 0.4859337615234682
6.3649999999998865 0.5142105956487472
6.3699999999998864 0.4856495496104933
6.3749999999998863 0.5144976046565373
6.3799999999998862 0.4853595975173625
6.3849999999998861 0.5147904127061900
6.3899999999998860 0.4850637892632387
6.3949999999998859 0.5150891369209252
6.3999999999998858 0.4847620065248202
6.4049999999998857 0.5153938967904288
6.4099999999998856 0.4844541285890117
6.4149999999998855 0.5157048142186486
6.4199999999998854 0.4841400323046387
6.4249999999998852 0.5160220135725557
6.4299999999998851 0.4838195920331876
6.4349999999998850 0.5163456217318920
6.4399999999998849 0.4834926795985497
6.4449999999998848 0.5166757681399210
6.4499999999998847 0.4831591642357513
6.4549999999998846 0.5170125848552060
6.4599999999998845 0.4828189125386472
6.4649999999998844 0.5173562066044330
6.4699999999998843 0.4824717884065586
6.4749999999998842 0.5177067708363019
6.4799999999998841 0.4821176529898326
6.4849999999998840 0.5180644177765052
6.4899999999998839 0.4817563646343024
6.4949999999998838 0.5184292904838192
6.4999999999998836 0.4813877788246261
6.5049999999998835 0.5188015349073267
6.5099999999998834 0.4810117481264796
6.5149999999998833 0.5191812999447971
6.5199999999998832 0.4806281221275836
6.5249999999998831 0.5195687375022454
6.5299999999998830 0.4802367473775387
6.5349999999998829 0.5199640025546947
6.5399999999998828 0.4798374673264448
6.5449999999998827 0.5203672532081658
6.5499999999998826 0.4794301222622815
6.5549999999998825 0.5207786507629202
6.5599999999998824 0.4790145492470231
6.5649999999998823 0.5211983597779797
6.5699999999998822 0.4785905820514635
6.5749999999998820 0.5216265481369504
6.5799999999998819 0.4781580510887245
6.5849999999998818 0.5220633871151760
6.5899999999998817 0.4777167833464210
6.5949999999998816 0.5225090514482476
6.5999999999998815 0.4772666023174560
6.6049999999998814 0.5229637194018985
6.6099999999998813 0.4768073279294181
6.6149999999998812 0.5234275728433101
6.6199999999998811 0.4763387764725519
6.6249999999998810 0.5239007973138591
6.6299999999998809 0.4758607605262747
6.6349999999998808 0.5243835821033336
6.6399999999998807 0.4753730888842081
6.6449999999998806 0.5248761203256495
6.6499999999998805 0.4748755664776951
6.6549999999998803 0.5253786089960956
6.6599999999998802 0.4743679942977732
6.6649999999998801 0.5258912491101401
6.6699999999998800 0.4738501693155704
6.6749999999998799 0.5264142457238287
6.6799999999998798 0.4733218844010938
6.6849999999998797 0.5269478080358068
6.6899999999998796 0.4727829282403777
6.6949999999998795 0.5274921494709992
6.6999999999998794 0.4722330852509577
6.7049999999998793 0.5280474877659801
6.7099999999998792 0.4716721354956381
6.7149999999998791 0.5286140450560673
6.7199999999998790 0.4710998545945168
6.7249999999998789 0.5291920479641770
6.7299999999998787 0.4705160136352332
6.7349999999998786 0.5297817276914722
6.7399999999998785 0.4699203790814038
6.7449999999998784 0.5303833201098441
6.7499999999998783 0.4693127126792069
6.7549999999998782 0.5309970658562599
6.7599999999998781 0.4686927713620817
6.7649999999998780 0.5316232104290183
6.7699999999998779 0.4680603071535013
6.7749999999998778 0.5322620042859483
6.7799999999998777 0.4674150670677824
6.7849999999998776 0.5329137029445926
6.7899999999998775 0.4667567930088905
6.7949999999998774 0.5335785670844148
6.7999999999998773 0.4660852216672022
6.8049999999998771 0.5342568626510708
6.8099999999998770 0.4654000844141808
6.8149999999998769 0.5349488609627872
6.8199999999998768 0.4647011071949250
6.8249999999998767 0.5356548388188886
6.8299999999998766 0.4639880104185473
6.8349999999998765 0.5363750786105177
6.8399999999998764 0.4632605088463369
6.8449999999998763 0.5371098684335910
6.8499999999998762 0.4625183114776651
6.8549999999998761 0.5378595022040377
6.8599999999998760 0.4617611214335843
6.8649999999998759 0.5386242797753660
6.8699999999998758 0.4609886358380770
6.8749999999998757 0.5394045070586044
6.8799999999998755 0.4602005456969049
6.8849999999998754 0.5402004961446664
6.8899999999998753 0.4593965357740116
6.8949999999998752 0.5410125654291862
6.8999999999998751 0.4585762844654279
6.9049999999998750 0.5418410397398776
6.9099999999998749 0.4577394636706303
6.9149999999998748 0.5426862504664650
6.9199999999998747 0.4568857386613011
6.9249999999998746 0.5435485356932390
6.9299999999998745 0.4560147679474363
6.9349999999998744 0.5444282403342903
6.9399999999998743 0.4551262031407505
6.9449999999998742 0.5453257162714753
6.9499999999998741 0.4542196888153210
6.9549999999998739 0.5462413224951689
6.9599999999998738 0.4532948623654176
6.9649999999998737 0.5471754252478606
6.9699999999998736 0.4523513538604604
6.9749999999998735 0.5481283981706514
6.9799999999998734 0.4513887858970473
6.9849999999998733 0.5491006224527104
6.9899999999998732 0.4504067734479931
6.9949999999998731 0.5500924869837506
6.9999999999998730 0.4494049237083181
7.0049999999998729 0.5511043885095842
7.0099999999998728 0.4483828359381264
7.0149999999998727 0.5521367317908217
7.0199999999998726 0.4473401013023100
7.0249999999998725 0.5531899297647754
7.0299999999998724 0.4462763027070145
7.0349999999998722 0.5542644037106351
7.0399999999998721 0.4451910146328018
7.0449999999998720 0.5553605834179791
7.0499999999998719 0.4440838029644422
7.0549999999998718 0.5564789073586903
7.0599999999998717 0.4429542248172684
7.0649999999998716 0.5576198228623449
7.0699999999998715 0.4418018283600215
7.0749999999998714 0.5587837862951445
7.0799999999998713 0.4406261526341186
7.0849999999998712 0.5599712632424620
7.0899999999998711 0.4394267273692694
7.0949999999998710 0.5611827286950767
7.0999999999998709 0.4382030727953679
7.1049999999998708 0.5624186672391693
7.1099999999998706 0.4369546994505845
7.1149999999998705 0.5636795732501576
7.1199999999998704 0.4356811079855813
7.1249999999998703 0.5649659510904460
7.1299999999998702 0.4343817889637724
7.1349999999998701 0.5662783153111706
7.1399999999998700 0.4330562226575490
7.1449999999998699 0.5676171908580195
7.1499999999998698 0.4317038788403886
7.1549999999998697 0.5689831132812118
7.1599999999998696 0.4303242165747643
7.1649999999998695 0.5703766289497165
7.1699999999998694 0.4289166839957700
7.1749999999998693 0.5717982952698011
7.1799999999998692 0.4274807180903740
7.1849999999998690 0.5732486809079936
7.1899999999998689 0.4260157444722141
7.1949999999998688 0.5747283660185494
7.1999999999998687 0.4245211771518431
7.2049999999998686 0.5762379424755125
7.2099999999998685 0.4229964183023328
7.2149999999998684 0.5777780141094658
7.2199999999998683 0.4214408580201435
7.2249999999998682 0.5793491969490630
7.2299999999998681 0.4198538740811622
7.2349999999998680 0.5809521194674397
7.2399999999998679 0.4182348316918134
7.2449999999998678 0.5825874228336034
7.2499999999998677 0.4165830832351414
7.2549999999998676 0.5842557611689007
7.2599999999998674 0.4148979680117634
7.2649999999998673 0.5859578018086654
7.2699999999998672 0.4131788119755901
7.2749999999998671 0.5876942255691536
7.2799999999998670 0.4114249274642070
7.2849999999998669 0.5894657270198694
7.2899999999998668 0.4096356129238096
7.2949999999998667 0.5912730147613933
7.2999999999998666 0.4078101526285818
7.3049999999998665 0.5931168117088216
7.3099999999998664 0.4059478163944054
7.3149999999998663 0.5949978553809334
7.3199999999998662 0.4040478592867867
7.3249999999998661 0.5969168981951977
7.3299999999998660 0.4021095213228827
7.3349999999998658 0.5988747077687400
7.3399999999998657 0.4001320271675080
7.3449999999998656 0.6008720672253898
7.3499999999998655 0.3981145858230001
7.3549999999998654 0.6029097755089298
7.3599999999998653 0.3960563903128215
7.3649999999998652 0.6049886477026734
7.3699999999998651 0.3939566173587681
7.3749999999998650 0.6071095153554980
7.3799999999998649 0.3918144270516581
7.3849999999998648 0.6092732268144648
7.3899999999998647 0.3896289625153688
7.3949999999998646 0.6114806475641574
7.3999999999998645 0.3873993495640857
7.4049999999998644 0.6137326605728757
7.4099999999998643 0.3851246963526281
7.4149999999998641 0.6160301666458231
7.4199999999998640 0.3828040930197117
7.4249999999998639 0.6183740847854289
7.4299999999998638 0.3804366113240031
7.4349999999998637 0.6207653525589488
7.4399999999998636 0.3780213042728242
7.4449999999998635 0.6232049264734923
7.4499999999998634 0.3755572057433543
7.4549999999998633 0.6256937823586253
7.4599999999998632 0.3730433300961818
7.4649999999998631 0.6282329157567016
7.4699999999998630 0.3704786717810478
7.4749999999998629 0.6308233423210806
7.4799999999998628 0.3678622049346262
7.4849999999998627 0.6334660982223881
7.4899999999998625 0.3651928829701784
7.4949999999998624 0.6361622405629845
7.4999999999998623 0.3624696381589187
7.5049999999998622 0.6389128477998062
7.5099999999998621 0.3596913812029226
7.5149999999998620 0.6417190201757477
7.5199999999998619 0.3568570007994076
7.5249999999998618 0.6445818801597595
7.5299999999998617 0.3539653631962125
7.5349999999998616 0.6475025728958352
7.5399999999998615 0.3510153117382958
7.5449999999998614 0.6504822666610693
7.5499999999998613 0.3480056664050744
7.5549999999998612 0.6535221533329678
7.5599999999998611 0.3449352233384150
7.5649999999998609 0.6566234488661995
7.5699999999998608 0.3418027543610910
7.5749999999998607 0.6597873937789777
7.5799999999998606 0.3386070064855114
7.5849999999998605 0.6630152536492674
7.5899999999998604 0.3353467014125260
7.5949999999998603 0.6663083196210169
7.5999999999998602 0.3320205350201057
7.6049999999998601 0.6696679089206148
7.6099999999998600 0.3286271768416934
7.6149999999998599 0.6730953653837809
7.6199999999998598 0.3251652695340178
7.6249999999998597 0.6765920599931006
7.6299999999998596 0.3216334283341558
7.6349999999998595 0.6801593914264175
7.6399999999998593 0.3180302405056274
7.6449999999998592 0.6837987866163049
7.6499999999998591 0.3143542647733014
7.6549999999998590 0.6875117013208388
7.6599999999998589 0.3106040307468846
7.6649999999998588 0.6912996207059011
7.6699999999998587 0.3067780383327666
7.6749999999998586 0.6951640599392458
7.6799999999998585 0.3028747571339817
7.6849999999998584 0.6991065647965662
7.6899999999998583 0.2988926258380503
7.6949999999998582 0.7031287122798052
7.6999999999998581 0.2948300515924542
7.7049999999998580 0.7072321112479562
7.7099999999998579 0.2906854093674951
7.7149999999998577 0.7114184030606062
7.7199999999998576 0.2864570413062830
7.7249999999998575 0.7156892622344806
7.7299999999998574 0.2821432560615934
7.7349999999998573 0.7200463971132487
7.7399999999998572 0.2777423281193284
7.7449999999998571 0.7244915505508621
7.7499999999998570 0.2732524971083111
7.7549999999998569 0.7290265006086959
7.7599999999998568 0.2686719670961372
7.7649999999998567 0.7336530612667731
7.7699999999998566 0.2639989058708018
7.7749999999998565 0.7383730831493570
7.7799999999998564 0.2592314442078146
7.7849999999998563 0.7431884542652007
7.7899999999998562 0.2543676751225106
7.7949999999998560 0.7481011007627505
7.7999999999998559 0.2494056531072556
7.8049999999998558 0.7531129877006054
7.8099999999998557 0.2443433933532435
7.8149999999998556 0.7582261198335406
7.8199999999998555 0.2391788709565727
7.8249999999998554 0.7634425424144091
7.8299999999998553 0.2339100201082845
7.8349999999998552 0.7687643420122434
7.8399999999998551 0.2285347332680396
7.8449999999998550 0.7741936473468827
7.8499999999998549 0.2230508603211020
7.8549999999998548 0.7797326301404607
7.8599999999998547 0.2174562077182928
7.8649999999998546 0.7853835059860949
7.8699999999998544 0.2117485375985709
7.8749999999998543 0.7911485352341234
7.8799999999998542 0.2059255668938884
7.8849999999998541 0.7970300238962457
7.8899999999998540 0.1999849664159635
7.8949999999998539 0.8030303245679264
7.8999999999998538 0.1939243599246050
7.9049999999998537 0.8091518373694343
7.9099999999998536 0.1877413231772163
7.9149999999998535 0.8153970109058900
7.9199999999998534 0.1814333829590985
7.9249999999998533 0.8217683432467080
7.9299999999998532 0.1749980160941643
7.9349999999998531 0.8282683829248247
7.9399999999998530 0.1684326484356678
7.9449999999998528 0.8348997299561114
7.9499999999998527 0.1617346538365456
7.9549999999998526 0.8416650368793804
7.9599999999998525 0.1549013530989580
7.9649999999998524 0.8485670098174013
7.9699999999998523 0.1479300129026100
7.9749999999998522 0.8556084095593491
7.9799999999998521 0.1408178447114230
7.9849999999998520 0.8627920526651207
7.9899999999998519 0.1335620036581206
7.9949999999998518 0.8701208125919583
7.9999999999998517 0.1261595874062814
8.0049999999998516 0.8775976208438326
8.0099999999998523 0.1186076349894048
8.0149999999998531 0.8852254681440446
8.0199999999998539 0.1109031256265239
8.0249999999998547 0.8930074056315140
8.0299999999998555 0.1030429775138936
8.0349999999998563 0.9009465460812361
8.0399999999998570 0.0950240465922689
8.0449999999998578 0.9090460651493908
8.0499999999998586 0.0868431252892810
8.0549999999998594 0.9173092026436052
8.0599999999998602 0.0784969412364089
8.0649999999998609 0.9257392638188769
8.0699999999998617 0.0699821559600314
8.0749999999998625 0.9343396206996764
8.0799999999998633 0.0612953635460379
8.0849999999998641 0.9431137134287556
8.0899999999998649 0.0524330892774628
8.0949999999998656 0.9520650516432063
8.0999999999998664 0.0433917882445986
8.1049999999998672 0.9611972158783143
8.1099999999998680 0.0341678439270323
8.1149999999998688 0.9705138589997736
8.1199999999998695 0.0247575667470369
8.1249999999998703 0.9800187076648329
8.1299999999998711 0.0151571925937402
8.1349999999998719 0.9897155638129581
8.1399999999998727 0.0053628813174811
8.1449999999998735 0.9996083061866085
8.1499999999998742 -0.0046292848062511
8.1549999999998750 1.0097008918827335
8.1599999999998758 -0.0148233026439058
8.1649999999998766 1.0199973579356116
8.1699999999998774 -0.0252232498026180
8.1749999999998781 1.0305018229316640
8.1799999999998789 -0.0358332862612513
8.1849999999998797 1.0412184886568892
8.1899999999998805 -0.0466576560343891
8.1949999999998813 1.0521516417775769
8.1999999999998820 -0.0577006888699406
8.2049999999998828 1.0633056555549758
8.2099999999998836 -0.0689668019810401
8.2149999999998844 1.0746849915945966
8.2199999999998852 -0.0804605018129321
8.2249999999998860 1.0862942016308552
8.2299999999998867 -0.0921863858455492
8.2349999999998875 1.0981379293477662
8.2399999999998883 -0.1041491444325045
8.2449999999998891 1.1102209122364164
8.2499999999998899 -0.1163535626772328
8.2549999999998906 1.1225479834899610
8.2599999999998914 -0.1288045223470320
8.2649999999998922 1.1351240739369017
8.2699999999998930 -0.1415070038257701
8.2749999999998938 1.1479542140134171
8.2799999999998946 -0.1544660881060384
8.2849999999998953 1.1610435357755380
8.2899999999998961 -0.1676869588215492
8.2949999999998969 1.1743972749519689
8.2999999999998977 -0.1811749043205886
8.3049999999998985 1.1880207730383807
8.3099999999998992 -0.1949353197813562
8.3149999999999000 1.2019194794340078
8.3199999999999008 -0.2089737093700363
8.3249999999999016 1.2160989536214084
8.3299999999999024 -0.2232956884424645
8.3349999999999032 1.2305648673902576
8.3399999999999039 -0.2379069857902696
8.3449999999999047 1.2453230071060630
8.3499999999999055 -0.2528134459323909
8.3549999999999063 1.2603792760247108
8.3599999999999071 -0.2680210314528851
8.3649999999999078 1.2757396966537684
8.3699999999999086 -0.2835358253859604
8.3749999999999094 1.2914104131614876
8.3799999999999102 -0.2993640336491902
8.3849999999999110 1.3073976938344714
8.3899999999999118 -0.3155119875258796
8.3949999999999125 1.3237079335849888
8.3999999999999133 -0.3319861461975794
8.4049999999999141 1.3403476565089405
8.4099999999999149 -0.3487930993277582
8.4149999999999157 1.3573235184954957
8.4199999999999164 -0.3659395696976681
8.4249999999999172 1.3746423098894491
8.4299999999999180 -0.3834324158954571
8.4349999999999188 1.3923109582073583
8.4399999999999196 -0.4012786350596043
8.4449999999999203 1.4103365309085503
8.4499999999999211 -0.4194853656777753
8.4549999999999219 1.4287262382221058
8.4599999999999227 -0.4380598904422174
8.4649999999999235 1.4474874360309502
8.4699999999999243 -0.4570096391628364
8.4749999999999250 1.4666276288142068
8.4799999999999258 -0.4763421917391205
8.4849999999999266 1.4861544726489893
8.4899999999999274 -0.4960652811921003
8.4949999999999282 1.5060757782728313
8.4999999999999289 -0.5161867967575570
8.5049999999999297 1.5263995142079825
8.5099999999999305 -0.5367147870417166
8.5149999999999313 1.5471338099488168
8.5199999999999321 -0.5576574632406930
8.5249999999999329 1.5682869592136306
8.5299999999999336 -0.5790232024249656
8.5349999999999344 1.5898674232621299
8.5399999999999352 -0.6008205508902082
8.5449999999999360 1.6118838342799342
8.5499999999999368 -0.6230582275758070
8.5549999999999375 1.6343449988314502
8.5599999999999383 -0.6457451275524360
8.5649999999999391 1.6572599013824989
8.5699999999999399 -0.6688903255800860
8.5749999999999407 1.6806377078941006
8.5799999999999415 -0.6925030797379680
8.5849999999999422 1.7044877694888600
8.5899999999999430 -0.7165928351277452
8.5949999999999438 1.7288196261914150
8.5999999999999446 -0.7411692276515734
8.6049999999999454 1.7536430107444465
8.6099999999999461 -0.7662420878664624
8.6149999999999469 1.7789678525017758
8.6199999999999477 -0.7918214449164980
8.6249999999999485 1.8048042814001057
8.6299999999999493 -0.8179175305445001
8.6349999999999500 1.8311626320109957
8.6399999999999508 -0.8445407831847200
8.6449999999999516 1.8580534476746902
8.6499999999999524 -0.8717018521382138
8.6549999999999532 1.8854874847174545
8.6599999999999540 -0.8994116018325630
8.6649999999999547 1.9134757167541059
8.6699999999999555 -0.9276811161676450
8.6749999999999563 1.9420293390774588
8.6799999999999571 -0.9565217029491943
8.6849999999999579 1.9711597731364427
8.6899999999999586 -0.9859448984119231
8.6949999999999594 2.0008786711046813
8.6999999999999602 -1.0159624718340168
8.7049999999999610 2.0311979205413615
8.7099999999999618 -1.0465864302448440
8.7149999999999626 2.0621296491462582
8.7199999999999633 -1.0778290232277692
8.7249999999999641 2.0936862296108134
8.7299999999999649 -1.1097027478199855
8.7349999999999657 2.1258802845672129
8.7399999999999665 -1.1422203535113298
8.7449999999999672 2.1587246916374396
8.7499999999999680 -1.1753948473440785
8.7549999999999688 2.1922325885843210
8.7599999999999696 -1.2092394991157649
8.7649999999999704 2.2264173785666364
8.7699999999999712 -1.2437678466870976
8.7749999999999719 2.2612927355003785
8.7799999999999727 -1.2789937013971051
8.7849999999999735 2.2968726095283207
8.7899999999999743 -1.3149311535876715
8.7949999999999751 2.3331712326000740
8.7999999999999758 -1.3515945782396730
8.8049999999999766 2.3702031241648673
8.8099999999999774 -1.3889986407229704
8.8149999999999782 2.4079830969793266
8.8199999999999790 -1.4271583026625569
8.8249999999999797 2.4465262630325775
8.8299999999999805 -1.4660888279232085
8.8349999999999813 2.4858480395910418
8.8399999999999821 -1.5058057887150293
8.8449999999999829 2.5259641553653425
8.8499999999999837 -1.5463250718223363
8.8549999999999844 2.5668906568017893
8.8599999999999852 -1.5876628849583720
8.8649999999999860 2.6086439145009566
8.8699999999999868 -1.6298357632483911
8.8749999999999876 2.6512406297659243
8.8799999999999883 -1.6728605758437096
8.8849999999999891 2.6946978412827987
8.8899999999999899 -1.7167545326693656
8.8949999999999907 2.7390329319361859
8.8999999999999915 -1.7615351913080894
8.9049999999999923 2.7842636357623478
8.9099999999999930 -1.8072204640233365
8.9149999999999938 2.8304080450428146
8.9199999999999946 -1.8538286249241929
8.9249999999999954 2.8774846175412985
8.9299999999999962 -1.9013783172750189
8.9349999999999969 2.9255121838867990
8.9399999999999977 -1.9498885609527550
8.9449999999999985 2.9745099551058543
8.9499999999999993 -1.9993787600548720
8.9550000000000001 3.0244975303069519
8.9600000000000009 -2.0498687106610110
8.9650000000000016 3.0754949045201720
8.9700000000000024 -2.1013786087514146
8.9750000000000032 3.1275224766952006
8.9800000000000040 -2.1539290582853186
8.9850000000000048 3.1806010578609070
8.9900000000000055 -2.2075410794425365
8.9950000000000063 3.2347518794497576
9.0000000000000071 -2.2622361170315317
9.0050000000000079 3.2899966017903881
9.0100000000000087 -2.3180360490673393
9.0150000000000095 3.3463573227717349
9.0200000000000102 -2.3749631955227741
9.0250000000000110 3.4038565866821906
9.0300000000000118 -2.4330403272564181
9.0350000000000126 3.4625173932273188
9.0400000000000134 -2.4922906751209646
9.0450000000000141 3.5223632067297381
9.0500000000000149 -2.5527379392555591
9.0550000000000157 3.5834179655148493
9.0600000000000165 -2.6144062985658563
9.0650000000000173 3.6457060914861663
9.0700000000000180 -2.6773204203955796
9.0750000000000188 3.7092524998940779
9.0800000000000196 -2.7415054703934612
9.0850000000000204 3.7740826093019471
9.0900000000000212 -2.8069871225795002
9.0950000000000220 3.8402223517535372
9.1000000000000227 -2.8737915696145708
9.1050000000000235 3.9076981831458286
9.1100000000000243 -2.9419455332774875
9.1150000000000251 3.9765370938113782
9.1200000000000259 -3.0114762751537150
9.1250000000000266 4.0467666193144529
9.1300000000000274 -3.0824116075400041
9.1350000000000282 4.1184148514652534
9.1400000000000290 -3.1547799045693092
9.1450000000000298 4.1915104495566400
9.1500000000000306 -3.2286101135604421
9.1550000000000313 4.2660826518278485
9.1600000000000321 -3.3039317665969992
9.1650000000000329 4.3421612871597883
9.1700000000000337 -3.3807749923401951
9.1750000000000345 4.4197767870065920
9.1800000000000352 -3.4591705280803269
9.1850000000000360 4.4989601975681985
9.1900000000000368 -3.5391497320316909
9.1950000000000376 4.5797431922088325
9.2000000000000384 -3.6207445958758675
9.2050000000000392 4.6621580841263501
9.2100000000000399 -3.7039877575583944
9.2150000000000407 4.7462378392775184
9.2200000000000415 -3.7889125143439446
9.2250000000000423 4.8320160895643971
9.2300000000000431 -3.8755528361352325
9.2350000000000438 4.9195271462871020
9.2400000000000446 -3.9639433790609746
9.2450000000000454 5.0088060138683215
9.2500000000000462 -4.0541194993383414
9.2550000000000470 5.0998884038550880
9.2600000000000477 -4.1461172674154430
9.2650000000000485 5.1928107492033968
9.2700000000000493 -4.2399734823995106
9.2750000000000501 5.2876102188513867
9.2800000000000509 -4.3357256867765379
9.2850000000000517 5.3843247325869177
9.2900000000000524 -4.4334121814282765
9.2950000000000532 5.4829929762154830
9.3000000000000540 -4.5330720409525860
9.3050000000000548 5.5836544170345350
9.3100000000000556 -4.6347451292932771
9.3150000000000563 5.6863493196204002
9.3200000000000571 -4.7384721156856848
9.3250000000000579 5.7911187619341140
9.3300000000000587 -4.8442944909243675
9.3350000000000595 5.8980046517526015
9.3400000000000603 -4.9522545839594194
9.3450000000000610 6.0070497434317902
9.3500000000000618 -5.0623955788280552
9.3550000000000626 6.1182976550083517
9.3600000000000634 -5.1747615319282225
9.3650000000000642 6.2317928856469162
9.3700000000000649 -5.2893973896411612
9.3750000000000657 6.3475808334397392
9.3800000000000665 -5.4063490063099557
9.3850000000000673 6.4657078135659383
9.3900000000000681 -5.5256631625812744
9.3950000000000689 6.5862210768175640
9.4000000000000696 -5.6473875841176255
9.4050000000000704 6.7091688284999167
9.4100000000000712 -5.7715709606876242
9.4150000000000720 6.8346002477136691
9.4200000000000728 -5.8982629656418979
9.4250000000000735 6.9625655070265067
9.4300000000000743 -6.0275142757824280
9.4350000000000751 7.0931157925421555
9.4400000000000759 -6.1593765916332712
9.4450000000000767 7.2263033243748209
9.4500000000000774 -6.2939026581207678
9.4550000000000782 7.3621813775372367
9.4600000000000790 -6.4311462856715123
9.4650000000000798 7.5008043032506668
9.4700000000000806 -6.5711623717365253
9.4750000000000814 7.6422275506853969
9.4800000000000821 -6.7140069227502330
9.4850000000000829 7.7865076891404019
9.4900000000000837 -6.8597370765330412
9.4950000000000845 7.9337024306710626
9.5000000000000853 -7.0084111251464627
9.5050000000000860 8.0838706531739923
9.5100000000000868 -7.1600885382099424
9.5150000000000876 8.2370724239381907
9.5200000000000884 -7.3148299866887063
9.5250000000000892 8.3933690236719656
9.5300000000000900 -7.4726973671621453
9.5350000000000907 8.5528229710152086
9.5400000000000915 -7.6337538265824492
9.5450000000000923 8.7154980475468573
9.5500000000000931 -7.7980637875333860
9.5550000000000939 8.8814593232975252
9.5600000000000946 -7.9656929739993370
9.5650000000000954 9.0507731827775117
9.5700000000000962 -8.1367084376548870
9.5750000000000970 9.2235073515306087
9.5800000000000978 -8.3111785846855000
9.5850000000000986 9.3997309232243182
9.5900000000000993 -8.4891732031499867
9.5950000000001001 9.5795143872873183
9.6000000000001009 -8.6707634908957338
9.6050000000001017 9.7629296571052322
9.6100000000001025 -8.8560220840378392
9.6150000000001032 9.9500500987859883
9.6200000000001040 -9.0450230860135594
9.6250000000001048 10.1409505605062602
9.6300000000001056 -9.2378420972236839
9.6350000000001064 10.3357074024507334
9.6400000000001071 -9.4345562452726988
9.6450000000001079 10.5343985273561866
9.6500000000001087 -9.6352442158198226
9.6550000000001095 10.7371034116725834
9.6600000000001103 -9.8399862840532748
9.6650000000001111 10.9439031373536491
9.6700000000001118 -10.0488643468003485
9.6750000000001126 11.1548804242896562
9.6800000000001134 -10.2619619552861412
9.6850000000001142 11.3701196633953785
9.6900000000001150 -10.4793643485540482
9.6950000000001157 11.5897069503664589
9.7000000000001165 -10.7011584875613774
9.7050000000001173 11.8137301201176861
9.7100000000001181 -10.9274330899637313
9.7150000000001189 12.0422787819169610
9.7200000000001197 -11.1582786656020705
9.7250000000001204 12.2754443552290020
9.7300000000001212 -11.3937875527066499
9.7350000000001220 12.5133201062831354
9.7400000000001228 -11.6340539548323125
9.7450000000001236 12.7560011853797821
9.7500000000001243 -11.8791739785399084
9.7550000000001251 13.0035846649505800
9.7600000000001259 -12.1292456718389197
9.7650000000001267 13.2561695783873592
9.7700000000001275 -12.3843690634066661
9.7750000000001283 13.5138569596554934
9.7800000000001290 -12.6446462025997768
9.7850000000001298 13.7767498837074882
9.7900000000001306 -12.9101812002739269
9.7950000000001314 14.0449535077129664
9.8000000000001322 -13.1810802704281862
9.8050000000001329 14.3185751131215309
9.8100000000001337 -13.4574517726906162
9.8150000000001345 14.5977241485753435
9.8200000000001353 -13.7394062556621233
9.8250000000001361 14.8825122736885866
9.8300000000001369 -14.0270565011358954
9.8350000000001376 15.1730534037113038
9.8400000000001384 -14.3205175692101214
9.8450000000001392 15.4694637550955054
9.8500000000001400 -14.6199068443120321
9.8550000000001408 15.7718618919817466
9.8600000000001415 -14.9253440821516676
9.8650000000001423 16.0803687736247802
9.8700000000001431 -15.2369514576241638
9.8750000000001439 16.3951078027772645
9.8800000000001447 -15.5548536136797093
9.8850000000001454 16.7162048750508596
9.8900000000001462 -15.8791777111807271
9.8950000000001470 17.0437884292744748
9.9000000000001478 -16.2100534797662164
9.9050000000001486 17.3779894988697983
9.9100000000001494 -16.5476132697436107
9.9150000000001501 17.7189417642646703
9.9200000000001509 -16.8919921050289048
9.9250000000001517 18.0667816063652467
9.9300000000001525 -17.2433277371562106
9.9350000000001533 18.4216481611083722
9.9400000000001540 -17.6017607003783780
9.9450000000001548 18.7836833751159382
9.9500000000001556 -17.9674343678806956
9.9550000000001564 19.1530320624735531
9.9600000000001572 -18.3404950091301657
9.9650000000001580 19.5298419626561568
9.9700000000001587 -18.7210918483832884
9.9750000000001595 19.9142637996238214
9.9800000000001603 -19.1093771243757651
9.9850000000001611 20.3064513421113375
9.9900000000001619 -19.5055061512179932
9.9950000000001626 20.7065614651356960
10.0000000000001634 -19.9096373805207065
